0.178675 69.028482 189.579634 1.024524 
0.200346 69.295463 205.947126 1.024494 
0.200336 69.295458 206.098910 1.024448 
0.200506 69.302270 206.251105 1.024293 
0.200642 69.301218 206.406847 1.024334 
0.200950 69.301846 206.561819 1.024378 
0.201125 69.301438 206.717081 1.024331 
0.201012 69.307898 206.871702 1.024384 
0.201482 69.311294 207.020977 1.024486 
0.201531 69.314116 207.174717 1.024477 
0.201639 69.318182 207.317971 1.024427 
0.201961 69.317866 207.464862 1.024380 
0.202200 69.317497 207.609341 1.024509 
0.202523 69.322752 207.753713 1.024388 
0.202441 69.318783 207.897027 1.024366 
0.203069 69.328944 208.042615 1.024354 
0.202835 69.327027 208.177307 1.024370 
0.203119 69.329198 208.321996 1.024184 
0.203267 69.334812 208.466852 1.024314 
0.203604 69.331356 208.601582 1.024365 
0.203688 69.329930 208.741249 1.024194 
0.203989 69.338511 208.884139 1.024214 
0.204212 69.347797 209.013316 1.024336 
0.204132 69.340432 209.149872 1.024129 
0.204541 69.345471 209.290709 1.024362 
0.204644 69.349092 209.421206 1.024104 
0.204796 69.343537 209.559091 1.024525 
0.204818 69.346958 209.690673 1.024392 
0.204997 69.338978 209.825977 1.024247 
0.205162 69.340136 209.945750 1.024439 
0.205306 69.342334 210.075624 1.024392 
0.205234 69.341647 210.215401 1.024584 
0.205348 69.340179 210.340502 1.024328 
0.205695 69.339818 210.469135 1.024557 
0.205671 69.341402 210.590014 1.024467 
0.205952 69.341468 210.720964 1.024314 
0.205866 69.337365 210.850864 1.024396 
0.206067 69.337472 210.976881 1.024273 
0.206228 69.336715 211.099490 1.024548 
0.206267 69.337636 211.224898 1.024553 
0.206222 69.330357 211.345899 1.024352 
0.206474 69.333324 211.466331 1.024190 
0.206522 69.331579 211.579349 1.024380 
0.206258 69.329672 211.699127 1.024252 
0.206496 69.332430 211.824336 1.024090 
0.206191 69.332509 211.934608 1.024374 
0.206470 69.334400 212.054091 1.024302 
0.206275 69.338622 212.171606 1.024144 
0.206386 69.332285 212.287739 1.024314 
0.206555 69.333344 212.402251 1.024315 
0.206617 69.335790 212.510126 1.024181 
0.206423 69.336963 212.621259 1.024191 
0.206441 69.330555 212.734299 1.024306 
0.206334 69.331483 212.847631 1.024159 
0.206609 69.335297 212.949577 1.024296 
0.206589 69.338877 213.054771 1.024192 
0.206509 69.337629 213.160872 1.024315 
0.206489 69.334120 213.271686 1.024024 
0.206516 69.333930 213.377155 1.024329 
0.206351 69.339540 213.476063 1.024117 
0.206609 69.335434 213.584255 1.024288 
0.206369 69.339315 213.692002 1.023997 
0.206454 69.334912 213.792734 1.024248 
0.206388 69.335234 213.902258 1.024594 
0.206571 69.341490 213.995101 1.024348 
0.206250 69.349816 214.110977 1.024434 
0.206262 69.349717 214.204263 1.024276 
0.205942 69.340129 214.310216 1.024188 
0.206281 69.350771 214.420066 1.024325 
0.206178 69.352108 214.526885 1.024486 
0.206301 69.351846 214.622493 1.024247 
0.206222 69.351584 214.733921 1.024252 
0.206113 69.354811 214.835386 1.024132 
0.206308 69.351611 214.941436 1.024292 
0.206237 69.359323 215.038634 1.024241 
0.206235 69.358351 215.138915 1.024150 
0.206335 69.362102 215.234491 1.024043 
0.206279 69.358310 215.337685 1.024157 
0.206156 69.361241 215.440096 1.024536 
0.205997 69.366118 215.535524 1.024454 
0.206136 69.362335 215.636088 1.024361 
0.205934 69.365245 215.736830 1.024342 
0.206148 69.367855 215.829941 1.024328 
0.206025 69.368953 215.941612 1.024275 
0.205862 69.366678 216.027168 1.024304 
0.205832 69.361696 216.122984 1.024367 
0.205928 69.364665 216.220984 1.024422 
0.205916 69.365972 216.312785 1.024466 
0.206063 69.364122 216.416340 1.024313 
0.205880 69.363420 216.505536 1.024298 
0.206179 69.366517 216.599380 1.024245 
0.206269 69.368324 216.687957 1.024299 
0.206284 69.367665 216.778073 1.024210 
0.206081 69.369047 216.866802 1.024362 
0.206145 69.375261 216.948222 1.024244 
0.205964 69.379054 217.037075 1.024232 
0.206041 69.372113 217.115596 1.024165 
0.205873 69.374186 217.199395 1.024353 
0.206024 69.378103 217.277194 1.024393 
0.205731 69.376676 217.353957 1.024324 
0.205888 69.379663 217.434630 1.024292 
0.206019 69.385063 217.510100 1.024404 
0.205718 69.382996 217.592172 1.024264 
0.205675 69.378047 217.670540 1.024346 
0.205723 69.383780 217.744511 1.024205 
0.205432 69.379211 217.827992 1.024531 
0.205700 69.379866 217.904130 1.024445 
0.205813 69.382646 217.984248 1.024565 
0.205530 69.379564 218.059235 1.024170 
0.205432 69.378832 218.135900 1.024496 
0.205844 69.370969 218.215215 1.024233 
0.205807 69.375435 218.294924 1.024350 
0.205795 69.376816 218.365845 1.024232 
0.205677 69.379494 218.446482 1.024432 
0.205630 69.374206 218.516197 1.024500 
0.205596 69.372894 218.595570 1.024446 
0.205802 69.377305 218.669547 1.024334 
0.205386 69.370392 218.740981 1.024391 
0.205563 69.376114 218.812449 1.024397 
0.205489 69.373774 218.893297 1.024374 
0.205684 69.377143 218.959535 1.024562 
0.205447 69.375110 219.039904 1.024572 
0.205629 69.373250 219.108065 1.024369 
0.205698 69.374296 219.188662 1.024396 
0.205732 69.374345 219.258161 1.024533 
0.205712 69.380832 219.336409 1.024416 
0.205917 69.375863 219.405174 1.024302 
0.205957 69.373593 219.476428 1.024375 
0.206135 69.381917 219.542895 1.024383 
0.206309 69.384316 219.616774 1.024301 
0.206113 69.378258 219.678325 1.024226 
0.206289 69.392326 219.741634 1.024387 
0.206632 69.377984 219.821961 1.024329 
0.206268 69.391562 219.891783 1.024351 
0.206501 69.385144 219.957417 1.024205 
0.206770 69.382284 220.024045 1.024533 
0.206434 69.383044 220.096584 1.024185 
0.206782 69.390551 220.155934 1.024198 
0.206766 69.392851 220.234630 1.024211 
0.206518 69.396273 220.301852 1.024230 
0.206637 69.394536 220.361719 1.024109 
0.206737 69.393684 220.443540 1.024381 
0.206946 69.402074 220.508552 1.024257 
0.206665 69.394581 220.579477 1.024150 
0.207056 69.396462 220.648867 1.024401 
0.206939 69.401531 220.710830 1.024487 
0.207312 69.405191 220.778204 1.024214 
0.206915 69.401168 220.854293 1.024346 
0.207123 69.401018 220.916174 1.024290 
0.207264 69.395401 220.978816 1.024332 
0.207171 69.395676 221.036739 1.024404 
0.206852 69.398335 221.109320 1.024499 
0.207239 69.394712 221.172154 1.024279 
0.207197 69.388111 221.225805 1.024289 
0.207386 69.395856 221.288263 1.024314 
0.207212 69.397625 221.348412 1.024276 
0.207265 69.403705 221.401826 1.024226 
0.207289 69.402131 221.460033 1.024578 
0.207001 69.398356 221.510372 1.024181 
0.207175 69.401293 221.567764 1.024184 
0.207293 69.400720 221.618918 1.024238 
0.207571 69.397638 221.678872 1.024076 
0.207316 69.394834 221.723022 1.024031 
0.207457 69.393551 221.782422 1.024160 
0.207449 69.397022 221.836943 1.024356 
0.207537 69.394470 221.881992 1.024244 
0.207550 69.397404 221.942075 1.024322 
0.207549 69.403093 221.996255 1.024472 
0.207677 69.398575 222.049934 1.024313 
0.207544 69.403159 222.100817 1.024253 
0.207415 69.392162 222.150163 1.024220 
0.207705 69.399457 222.196286 1.024360 
0.207562 69.396778 222.247800 1.024279 
0.207488 69.401302 222.285330 1.024404 
0.207461 69.399110 222.340989 1.024217 
0.207431 69.397172 222.391358 1.024338 
0.207549 69.399170 222.444058 1.024371 
0.207561 69.401524 222.498892 1.024195 
0.207737 69.398446 222.545117 1.024310 
0.207780 69.402311 222.602887 1.024279 
0.207625 69.397362 222.659649 1.024184 
0.207750 69.396070 222.710012 1.024300 
0.207852 69.400953 222.766876 1.024189 
0.207897 69.405266 222.817092 1.024319 
0.208090 69.401079 222.872024 1.024343 
0.207943 69.404090 222.924151 1.024508 
0.207914 69.401369 222.973067 1.024272 
0.208269 69.402887 223.024396 1.024480 
0.207949 69.403549 223.074585 1.024354 
0.208206 69.404724 223.131659 1.024492 
0.208280 69.402884 223.185243 1.024403 
0.208185 69.405171 223.250520 1.024316 
0.208424 69.404263 223.298351 1.024499 
0.208215 69.398971 223.353787 1.024442 
0.208695 69.401501 223.407668 1.024177 
0.208269 69.403715 223.457591 1.024409 
0.208321 69.399169 223.514441 1.024399 
0.208598 69.399782 223.565103 1.024250 
0.208394 69.405165 223.619877 1.024274 
0.208594 69.397293 223.669728 1.024292 
