0.208467 69.399946 223.727978 1.024443 
0.193089 69.813237 232.019162 1.024121 
0.192914 69.809992 232.027627 1.024091 
0.192828 69.809084 232.036303 1.024128 
0.192718 69.805041 232.059286 1.024306 
0.192793 69.815625 232.069199 1.024095 
0.192601 69.812615 232.081668 1.024155 
0.192369 69.811364 232.091262 1.024111 
0.192479 69.814270 232.111214 1.024113 
0.192352 69.810635 232.125986 1.024284 
0.192181 69.818862 232.136748 1.024018 
0.192071 69.815844 232.147539 1.023983 
0.192138 69.824180 232.156973 1.024200 
0.191970 69.817501 232.177047 1.024274 
0.192129 69.809312 232.182568 1.024386 
0.192108 69.819017 232.189217 1.024394 
0.191796 69.813876 232.215204 1.024228 
0.192182 69.816942 232.223252 1.024270 
0.192130 69.820322 232.231451 1.024258 
0.191875 69.811302 232.253435 1.024256 
0.191916 69.809764 232.270011 1.024345 
0.191957 69.810441 232.281810 1.024230 
0.192037 69.812408 232.290699 1.024315 
0.191943 69.805207 232.307519 1.024390 
0.191549 69.804505 232.316813 1.024260 
0.191806 69.813219 232.337759 1.024331 
0.191448 69.811715 232.350341 1.024469 
0.191631 69.810771 232.360737 1.024396 
0.191302 69.809521 232.381667 1.024206 
0.191526 69.809760 232.397631 1.024163 
0.191472 69.811252 232.406124 1.024306 
0.191437 69.808180 232.423040 1.024315 
0.191423 69.808038 232.437371 1.024352 
0.191437 69.813486 232.450436 1.024346 
0.191369 69.810189 232.463944 1.024243 
0.191388 69.814945 232.488005 1.024396 
0.191180 69.810071 232.497743 1.024068 
0.191256 69.808706 232.519632 1.024195 
0.191310 69.811915 232.541171 1.024288 
0.191015 69.817553 232.560424 1.024204 
0.191263 69.809196 232.574344 1.024281 
0.190917 69.813858 232.601664 1.024218 
0.191103 69.808367 232.615201 1.024100 
0.191161 69.808378 232.638612 1.024273 
0.191067 69.814579 232.652107 1.024129 
0.191037 69.813392 232.677680 1.024328 
0.191081 69.805882 232.695849 1.024207 
0.190991 69.812348 232.709076 1.024159 
0.191288 69.812972 232.728779 1.024233 
0.191151 69.819663 232.744661 1.024062 
0.191010 69.812822 232.765658 1.024288 
0.190953 69.819176 232.774310 1.024102 
0.191443 69.821325 232.801233 1.024335 
0.191090 69.819749 232.820987 1.024218 
0.191133 69.823189 232.830771 1.024223 
0.191347 69.825457 232.851179 1.024198 
0.191270 69.819468 232.870409 1.024102 
0.190903 69.825478 232.879495 1.024274 
0.191191 69.823740 232.896077 1.024313 
0.191185 69.831112 232.903397 1.024204 
0.191237 69.827578 232.919898 1.024354 
0.191098 69.825031 232.944517 1.024318 
0.191038 69.831490 232.954949 1.024249 
0.190862 69.826986 232.967249 1.024430 
0.190932 69.829090 232.987365 1.024158 
0.191053 69.830931 233.002269 1.024377 
0.190783 69.833889 233.020801 1.024365 
0.190921 69.825134 233.037736 1.024219 
0.191098 69.828755 233.055718 1.024348 
0.190894 69.827984 233.074522 1.024328 
0.190856 69.816507 233.085173 1.024323 
0.190755 69.826487 233.093449 1.024237 
0.190681 69.820102 233.116450 1.024265 
0.190797 69.822104 233.143932 1.024320 
0.190927 69.820227 233.155319 1.024352 
0.190605 69.813238 233.179765 1.024434 
0.190491 69.821485 233.197025 1.024340 
0.190395 69.815505 233.230230 1.024273 
0.190454 69.819484 233.242340 1.024196 
0.190435 69.825403 233.269641 1.024373 
0.190140 69.819520 233.293817 1.024579 
0.190451 69.824798 233.317109 1.024293 
0.190051 69.821259 233.337119 1.024282 
0.190084 69.822920 233.358485 1.024432 
0.190180 69.825977 233.376925 1.024339 
0.189770 69.826718 233.390705 1.024291 
0.189812 69.834821 233.415267 1.024437 
0.189843 69.830629 233.424823 1.024162 
0.189918 69.836771 233.439894 1.024240 
0.189822 69.834409 233.456276 1.024441 
0.189766 69.830709 233.472029 1.024208 
0.189603 69.837308 233.483028 1.024300 
0.189802 69.839302 233.502651 1.024366 
0.189494 69.844384 233.517596 1.024581 
0.189516 69.844402 233.527261 1.024409 
0.189708 69.851311 233.536105 1.024248 
0.189313 69.854451 233.538990 1.024386 
0.189551 69.851687 233.550014 1.024450 
0.189301 69.847685 233.554290 1.024258 
0.189216 69.840448 233.551948 1.024348 
0.189201 69.843893 233.555378 1.024390 
0.188970 69.844090 233.566115 1.024183 
0.189017 69.856810 233.559626 1.024360 
0.189046 69.847375 233.564324 1.024364 
0.189033 69.845446 233.578606 1.024512 
0.188778 69.848047 233.570761 1.024150 
0.188893 69.852078 233.577895 1.024161 
0.188795 69.846515 233.585011 1.024397 
0.188397 69.853556 233.594561 1.024408 
0.188366 69.857390 233.596488 1.024354 
0.188090 69.861908 233.603442 1.024494 
0.188723 69.857064 233.608711 1.024388 
0.188308 69.852442 233.612115 1.024341 
0.188129 69.863090 233.622300 1.024444 
0.188082 69.862347 233.625936 1.024388 
0.188002 69.860431 233.634538 1.024202 
0.188171 69.861957 233.638869 1.024336 
0.187942 69.857027 233.643865 1.024264 
0.188095 69.858337 233.647741 1.024439 
0.187829 69.869021 233.663446 1.024364 
0.187778 69.863156 233.668399 1.024312 
0.187746 69.862917 233.680732 1.024490 
0.187765 69.870916 233.686718 1.024421 
0.187710 69.867189 233.698608 1.024353 
0.187844 69.866859 233.708969 1.024267 
0.187926 69.874288 233.719480 1.024230 
0.187832 69.872204 233.738670 1.024448 
0.187726 69.870712 233.752862 1.024584 
0.187464 69.874939 233.757845 1.024376 
0.187858 69.872645 233.766290 1.024346 
0.187717 69.885192 233.785855 1.024349 
0.187886 69.885625 233.805724 1.024515 
0.187961 69.883580 233.801180 1.024444 
0.187817 69.888892 233.827102 1.024305 
0.187783 69.892045 233.843590 1.024397 
0.187713 69.893384 233.858919 1.024169 
0.187584 69.893946 233.878312 1.024311 
0.187756 69.901583 233.890151 1.024305 
0.187873 69.908059 233.909598 1.024437 
0.187822 69.902008 233.919219 1.024513 
0.187852 69.915869 233.944558 1.024590 
0.187788 69.910826 233.965368 1.024376 
0.187625 69.915572 233.981454 1.024372 
0.187823 69.911121 233.997621 1.024246 
0.187992 69.915592 234.019401 1.024337 
0.188067 69.919326 234.033832 1.024523 
0.187989 69.921784 234.056670 1.024345 
0.188069 69.927091 234.073849 1.024496 
0.188413 69.931208 234.089878 1.024326 
0.187872 69.923893 234.107041 1.024402 
0.188219 69.931761 234.125615 1.024318 
0.188111 69.926812 234.147584 1.024357 
0.188143 69.929022 234.164686 1.024406 
0.188240 69.925178 234.183411 1.024239 
0.188073 69.931802 234.199053 1.024227 
0.188216 69.935096 234.218607 1.024419 
0.188039 69.926253 234.235302 1.024505 
0.188144 69.927103 234.251327 1.024477 
0.188011 69.927484 234.270343 1.024402 
0.187909 69.918006 234.298834 1.024423 
0.187795 69.924628 234.300928 1.024294 
0.187790 69.920398 234.322450 1.024291 
0.187818 69.928747 234.338454 1.024305 
0.187741 69.920986 234.356137 1.024457 
0.187735 69.914440 234.360747 1.024282 
0.187846 69.926916 234.379666 1.024606 
0.187601 69.912254 234.393756 1.024431 
0.187678 69.920042 234.401165 1.024331 
0.187790 69.920467 234.407668 1.024416 
0.187861 69.911487 234.422935 1.024412 
0.187751 69.912888 234.435949 1.024351 
0.187677 69.915286 234.446517 1.024288 
0.187740 69.913063 234.454894 1.024432 
0.187800 69.909264 234.466997 1.024339 
0.187800 69.912310 234.480296 1.024394 
0.187785 69.906924 234.484378 1.024356 
0.187826 69.905615 234.494720 1.024261 
0.187723 69.903805 234.509520 1.024265 
0.187865 69.912610 234.511557 1.024284 
0.187880 69.910177 234.517276 1.024356 
0.187713 69.907878 234.524960 1.024342 
0.187844 69.909719 234.530282 1.024331 
0.187645 69.911122 234.539107 1.024232 
0.187983 69.913244 234.549829 1.024197 
0.187937 69.920801 234.559634 1.024377 
0.188132 69.920108 234.551736 1.024398 
0.187961 69.919069 234.563925 1.024479 
0.188190 69.926641 234.569351 1.024297 
0.188001 69.926211 234.572176 1.024263 
0.188087 69.925887 234.578305 1.024370 
0.188025 69.921492 234.580930 1.024387 
0.188202 69.933341 234.579472 1.024272 
0.188129 69.927157 234.587753 1.024310 
0.188032 69.933377 234.592004 1.024499 
0.187900 69.930863 234.593121 1.024267 
0.188123 69.936174 234.591717 1.024482 
0.187972 69.940365 234.591130 1.024225 
0.187698 69.934524 234.596038 1.024259 
0.188139 69.939856 234.601233 1.024369 
0.187988 69.947932 234.612496 1.024277 
