0.206205 68.175673 208.678164 1.024381 
0.189845 68.371351 205.834235 1.024400 
0.189425 68.371305 205.792698 1.024337 
0.189529 68.376723 205.736751 1.024154 
0.189230 68.372728 205.684417 1.024080 
0.189338 68.374324 205.636561 1.024375 
0.189125 68.377582 205.578653 1.024464 
0.188996 68.379469 205.539456 1.024401 
0.188940 68.378700 205.483388 1.024486 
0.188780 68.377706 205.435662 1.024456 
0.188814 68.378225 205.385601 1.024218 
0.188755 68.381684 205.336791 1.024369 
0.188726 68.378649 205.286090 1.024373 
0.188660 68.379942 205.245760 1.024272 
0.188662 68.381707 205.189429 1.024390 
0.188294 68.381263 205.134759 1.024304 
0.188211 68.377328 205.085475 1.024308 
0.188506 68.386332 205.042546 1.024329 
0.188173 68.385187 204.996718 1.024289 
0.187990 68.385549 204.942676 1.024489 
0.188156 68.384521 204.890457 1.024465 
0.187927 68.378760 204.843483 1.024459 
0.187700 68.386169 204.794164 1.024293 
0.187727 68.385694 204.751682 1.024513 
0.187841 68.384474 204.701804 1.024214 
0.187767 68.390667 204.654206 1.024364 
0.187512 68.384235 204.603645 1.024293 
0.187810 68.387987 204.551534 1.024279 
0.187521 68.388429 204.494214 1.024208 
0.187427 68.383601 204.458042 1.024316 
0.187505 68.391159 204.408195 1.024455 
0.187429 68.390575 204.344936 1.024047 
0.187171 68.388366 204.305585 1.024178 
0.187375 68.393270 204.254671 1.024041 
0.187165 68.395139 204.203585 1.024090 
0.186959 68.385404 204.160096 1.024323 
0.187126 68.395661 204.116283 1.024367 
0.186970 68.390368 204.070611 1.024172 
0.186914 68.395618 204.026967 1.024219 
0.187040 68.392175 203.980363 1.024390 
0.187285 68.387709 203.935512 1.024307 
0.186700 68.387123 203.892497 1.024208 
0.187103 68.386874 203.846724 1.024391 
0.186770 68.387132 203.804879 1.024299 
0.186964 68.383198 203.761091 1.024114 
0.187025 68.389914 203.730248 1.024000 
0.186856 68.387600 203.684283 1.024139 
0.186995 68.384585 203.649167 1.024182 
0.187052 68.387213 203.610162 1.024297 
0.187090 68.384148 203.578543 1.024093 
0.186948 68.377594 203.545374 1.024201 
0.187186 68.381362 203.492428 1.024083 
0.187045 68.379694 203.468154 1.024210 
0.186908 68.384235 203.425761 1.024212 
0.187250 68.381003 203.386288 1.024373 
0.186967 68.384081 203.348245 1.024163 
0.186811 68.384047 203.314934 1.024180 
0.187129 68.381553 203.281033 1.024209 
0.186939 68.384279 203.246698 1.024320 
0.187045 68.391549 203.210209 1.024276 
0.187067 68.390955 203.185734 1.024286 
0.186923 68.393162 203.145784 1.024227 
0.186954 68.387720 203.108333 1.024248 
0.187197 68.391920 203.079690 1.024376 
0.186989 68.383110 203.045789 1.024046 
0.187164 68.386969 203.020159 1.024204 
0.187063 68.389152 202.967928 1.024253 
0.187143 68.393391 202.940044 1.024227 
0.187299 68.380547 202.906178 1.024416 
0.187158 68.387783 202.871878 1.024418 
0.187257 68.392308 202.838367 1.024401 
0.187218 68.388647 202.801549 1.024323 
0.187506 68.388248 202.764881 1.024295 
0.187309 68.385063 202.730553 1.024300 
0.187402 68.392589 202.689669 1.024407 
0.187292 68.386360 202.662910 1.024292 
0.187215 68.388481 202.627703 1.024309 
0.187584 68.388527 202.598481 1.024303 
0.187576 68.389977 202.563830 1.024418 
0.187486 68.384566 202.534461 1.024431 
0.187387 68.395832 202.504560 1.024207 
0.187324 68.385340 202.475406 1.024247 
0.187612 68.390932 202.433022 1.024202 
0.187559 68.394852 202.408149 1.024134 
0.187795 68.395217 202.369879 1.024341 
0.187617 68.395523 202.344412 1.024319 
0.187549 68.392500 202.314901 1.024605 
0.187828 68.400594 202.288392 1.024374 
0.187538 68.400710 202.258657 1.024353 
0.187551 68.396920 202.240563 1.024167 
0.187672 68.400604 202.218899 1.024390 
0.187782 68.399930 202.190812 1.024187 
0.187792 68.392786 202.170311 1.024367 
0.187914 68.395967 202.135922 1.024434 
0.187736 68.399768 202.111509 1.024300 
0.187909 68.398726 202.085755 1.024164 
0.187960 68.404407 202.061998 1.024219 
0.187957 68.400266 202.042271 1.024374 
0.187833 68.403147 202.013386 1.024317 
0.187938 68.396025 201.988548 1.024237 
0.188021 68.400014 201.957034 1.024319 
0.187963 68.399583 201.927130 1.024351 
0.187984 68.397566 201.903829 1.024187 
0.187994 68.400071 201.873575 1.024268 
0.187935 68.394248 201.846727 1.024361 
0.188083 68.393415 201.829256 1.024208 
0.187846 68.399693 201.802829 1.024043 
0.188324 68.397228 201.764501 1.024297 
0.187870 68.403343 201.742813 1.024149 
0.188204 68.392211 201.723381 1.024302 
0.188118 68.401863 201.686796 1.024411 
0.188257 68.398107 201.659358 1.023969 
0.188012 68.395655 201.644176 1.024116 
0.188139 68.398215 201.612548 1.024308 
0.188064 68.397130 201.584612 1.024454 
0.187982 68.396639 201.558574 1.024333 
0.188037 68.397199 201.536994 1.024276 
0.187865 68.399420 201.514889 1.024349 
0.188011 68.407292 201.476640 1.024313 
0.187915 68.392454 201.461951 1.024388 
0.188015 68.398539 201.446807 1.024482 
0.187644 68.399598 201.410240 1.024407 
0.187916 68.402127 201.395148 1.024369 
0.187941 68.397409 201.371008 1.024277 
0.187898 68.406452 201.342486 1.024135 
0.187947 68.401603 201.322916 1.024141 
0.187855 68.408091 201.291564 1.024109 
0.188128 68.410194 201.260927 1.024251 
0.188117 68.413519 201.238058 1.024326 
0.188206 68.415294 201.218154 1.024433 
0.188198 68.413546 201.187371 1.024269 
0.188242 68.418605 201.159052 1.024351 
0.188341 68.417711 201.139864 1.024203 
0.188476 68.416106 201.117777 1.024225 
0.188356 68.420682 201.081114 1.024282 
0.188238 68.419529 201.064349 1.024260 
0.188200 68.419839 201.036923 1.024439 
0.188254 68.429860 201.008085 1.024387 
0.188291 68.421733 200.979505 1.024325 
0.188164 68.431484 200.961920 1.024264 
0.188030 68.418766 200.938950 1.024352 
0.188003 68.424328 200.908765 1.024357 
0.188374 68.427351 200.873861 1.024309 
0.188163 68.425327 200.847469 1.024334 
0.187995 68.421700 200.829145 1.024246 
0.188146 68.426352 200.793929 1.024414 
0.188289 68.428189 200.776526 1.024388 
0.187922 68.426935 200.746099 1.024338 
0.188112 68.422903 200.716144 1.024360 
0.188123 68.430910 200.697239 1.024355 
0.188179 68.432350 200.669971 1.024183 
0.188355 68.432264 200.645125 1.024289 
0.188210 68.422184 200.619915 1.024285 
0.188026 68.429909 200.599624 1.024090 
0.188173 68.423980 200.578160 1.024398 
0.188234 68.436883 200.552399 1.024299 
0.188040 68.435475 200.535770 1.024366 
0.188269 68.438928 200.507686 1.024478 
0.188203 68.434308 200.491275 1.024252 
0.188018 68.438729 200.462674 1.024442 
0.188319 68.436996 200.447860 1.024144 
0.188405 68.441753 200.423223 1.024531 
0.188632 68.437411 200.398059 1.024359 
0.188208 68.437119 200.386061 1.024229 
0.188531 68.438118 200.354655 1.024413 
0.188404 68.442454 200.332418 1.024328 
0.188539 68.444961 200.305605 1.024418 
0.188355 68.455648 200.296958 1.024264 
0.188413 68.446283 200.266380 1.024425 
0.188396 68.445960 200.253607 1.024244 
0.188336 68.448136 200.229391 1.024313 
0.188549 68.449603 200.212541 1.024301 
0.188273 68.449137 200.184888 1.024438 
0.188212 68.455268 200.169277 1.024287 
0.188353 68.455113 200.146957 1.024428 
0.188530 68.452654 200.135415 1.024379 
0.188512 68.449400 200.114481 1.024472 
0.188491 68.456221 200.090709 1.024483 
0.188499 68.457341 200.077540 1.024502 
0.188570 68.453629 200.062974 1.024473 
0.188730 68.448798 200.038546 1.024455 
0.188519 68.453743 200.032255 1.024307 
0.188591 68.450065 200.013557 1.024584 
0.188656 68.456939 200.004566 1.024369 
0.188794 68.454834 199.984836 1.024425 
0.188768 68.455148 199.977353 1.024329 
0.188921 68.451489 199.957086 1.024102 
0.188653 68.450663 199.951406 1.024117 
0.188878 68.448428 199.936633 1.024150 
0.188738 68.446958 199.919918 1.024183 
0.188585 68.456388 199.910725 1.024184 
0.188234 68.454732 199.895499 1.024362 
0.188441 68.450887 199.885326 1.024160 
0.188516 68.454999 199.871017 1.024272 
0.188166 68.454152 199.856230 1.024299 
0.188194 68.460052 199.845334 1.024293 
0.188365 68.454583 199.833242 1.024321 
0.188100 68.458998 199.826122 1.024373 
0.188349 68.462377 199.806606 1.024458 
0.188416 68.456532 199.794827 1.024373 
