0.172111 70.287658 197.134328 1.024203 
0.166885 70.290254 195.096844 1.024513 
0.166755 70.293087 195.054632 1.024493 
0.166781 70.290652 195.012285 1.024461 
0.166680 70.292755 194.968127 1.024587 
0.166746 70.285309 194.919608 1.024473 
0.166356 70.285182 194.879543 1.024326 
0.166617 70.287555 194.838359 1.024210 
0.166520 70.283110 194.788441 1.024541 
0.166378 70.286243 194.744754 1.024398 
0.166318 70.287900 194.710591 1.024511 
0.166142 70.277777 194.665191 1.024447 
0.166076 70.278940 194.621609 1.024340 
0.165942 70.282193 194.591105 1.024370 
0.165797 70.278127 194.541998 1.024360 
0.165945 70.274660 194.505476 1.024380 
0.165867 70.274629 194.468319 1.024578 
0.165785 70.280358 194.437597 1.024383 
0.165619 70.282027 194.402695 1.024507 
0.165813 70.270924 194.354913 1.024633 
0.165791 70.274265 194.313468 1.024575 
0.165768 70.268438 194.274442 1.024522 
0.165619 70.279279 194.240739 1.024434 
0.165636 70.269085 194.202164 1.024521 
0.166195 70.270106 194.165858 1.024489 
0.166007 70.274056 194.128073 1.024479 
0.165958 70.274910 194.089102 1.024322 
0.165911 70.273193 194.057198 1.024476 
0.165931 70.273864 194.013376 1.024393 
0.165999 70.270847 193.976578 1.024393 
0.165980 70.281662 193.946130 1.024393 
0.166020 70.275224 193.918080 1.024315 
0.166102 70.275036 193.872811 1.024301 
0.166176 70.274117 193.840240 1.024172 
0.165978 70.279200 193.792460 1.024330 
0.166147 70.281857 193.762926 1.024532 
0.166160 70.283336 193.723825 1.024387 
0.166281 70.283341 193.700491 1.024170 
0.166377 70.290099 193.667647 1.024323 
0.165928 70.292955 193.625461 1.024365 
0.166278 70.285797 193.590167 1.024364 
0.166094 70.287553 193.554630 1.024207 
0.166249 70.296872 193.528711 1.024141 
0.166191 70.299061 193.502020 1.024030 
0.166279 70.289125 193.467265 1.024420 
0.166320 70.296923 193.437464 1.024348 
0.166295 70.292065 193.412311 1.024327 
0.166448 70.288965 193.377889 1.024242 
0.166232 70.293958 193.349466 1.024391 
0.166236 70.292800 193.319439 1.024257 
0.166195 70.291467 193.293965 1.024180 
0.166308 70.290519 193.267847 1.024209 
0.166329 70.298468 193.234039 1.024388 
0.166300 70.288712 193.203989 1.024357 
0.166194 70.297760 193.181997 1.024402 
0.166226 70.288234 193.138052 1.024334 
0.166296 70.298062 193.123988 1.024422 
0.166284 70.290143 193.095662 1.024366 
0.165980 70.292798 193.068371 1.024373 
0.166038 70.288596 193.039627 1.024202 
0.166247 70.298965 193.004829 1.024366 
0.166176 70.290333 192.975063 1.024116 
0.166272 70.294837 192.943021 1.024268 
0.166354 70.298400 192.922740 1.024180 
0.166282 70.297878 192.887099 1.024196 
0.166020 70.296082 192.859970 1.024253 
0.166192 70.291000 192.839067 1.024382 
0.165903 70.293073 192.809210 1.024206 
0.166031 70.292300 192.787451 1.024370 
0.165957 70.291987 192.760550 1.024372 
0.166107 70.293713 192.722105 1.024237 
0.166028 70.292058 192.701018 1.024324 
0.165678 70.286086 192.672336 1.024362 
0.165779 70.289971 192.649925 1.024664 
0.166027 70.298605 192.625548 1.024405 
0.165675 70.297283 192.594408 1.024384 
0.165481 70.297264 192.562760 1.024242 
0.165350 70.304998 192.540400 1.024409 
0.165613 70.299665 192.508730 1.024363 
0.165595 70.295438 192.482003 1.024322 
0.165557 70.293265 192.457237 1.024352 
0.165635 70.302924 192.432599 1.024339 
0.165516 70.298156 192.411517 1.024320 
0.165520 70.313308 192.384405 1.024569 
0.165633 70.309606 192.370905 1.024459 
0.165494 70.308812 192.340314 1.024472 
0.165522 70.309520 192.308359 1.024409 
0.165448 70.306410 192.289789 1.024423 
0.165537 70.315113 192.270781 1.024419 
0.165338 70.308544 192.249109 1.024595 
0.165402 70.309523 192.227066 1.024561 
0.165286 70.317190 192.207334 1.024561 
0.165420 70.323470 192.187070 1.024286 
0.165412 70.318694 192.173603 1.024440 
0.165453 70.320925 192.147129 1.024488 
0.165239 70.319949 192.128147 1.024369 
0.165476 70.317510 192.108358 1.024427 
0.165377 70.322044 192.093414 1.024242 
0.165215 70.323346 192.076011 1.024275 
0.165245 70.318919 192.056777 1.024358 
0.165184 70.318803 192.032993 1.024432 
0.165124 70.316355 192.012321 1.024407 
0.165497 70.318530 191.997895 1.024313 
0.165263 70.316399 191.967037 1.024373 
0.165350 70.325064 191.953663 1.024370 
0.165251 70.318856 191.929256 1.024154 
0.165334 70.320757 191.920496 1.024411 
0.165340 70.327697 191.900574 1.024218 
0.165389 70.318681 191.882213 1.024101 
0.165180 70.331810 191.862112 1.024193 
0.165648 70.320044 191.840460 1.024263 
0.165363 70.319885 191.829639 1.024301 
0.165069 70.329469 191.802036 1.024371 
0.164984 70.332824 191.784752 1.024423 
0.165196 70.329776 191.768748 1.024439 
0.165000 70.336584 191.745726 1.024405 
0.164957 70.337093 191.736635 1.024454 
0.164903 70.342682 191.717110 1.024498 
0.164968 70.334537 191.689907 1.024310 
0.164751 70.341303 191.679436 1.024353 
0.164808 70.341626 191.652744 1.024412 
0.164921 70.346990 191.644514 1.024447 
0.164701 70.342710 191.630820 1.024413 
0.164588 70.348532 191.607925 1.024472 
0.164744 70.344682 191.593830 1.024324 
0.164603 70.355022 191.570316 1.024398 
0.164675 70.359116 191.546698 1.024502 
0.164643 70.354412 191.530351 1.024403 
0.164382 70.352167 191.509694 1.024208 
0.164653 70.355108 191.484260 1.024293 
0.164498 70.355158 191.471508 1.024142 
0.164175 70.364963 191.452127 1.024280 
0.164012 70.360200 191.433515 1.024126 
0.164244 70.358312 191.415464 1.024346 
0.164287 70.357683 191.378399 1.024203 
0.164166 70.364082 191.373613 1.024181 
0.164206 70.361109 191.351609 1.024395 
0.163623 70.367908 191.325138 1.024362 
0.164137 70.365513 191.310688 1.024349 
0.163947 70.368411 191.296707 1.024336 
0.163872 70.363120 191.273306 1.024414 
0.163968 70.369566 191.263031 1.024442 
0.163742 70.371321 191.236308 1.024453 
0.163980 70.365048 191.212633 1.024396 
0.163819 70.372588 191.199020 1.024297 
0.163655 70.379524 191.182842 1.024425 
0.163672 70.381033 191.161029 1.024346 
0.163604 70.377653 191.139246 1.024435 
0.163441 70.388331 191.126607 1.024272 
0.163265 70.384282 191.109094 1.024385 
0.163268 70.386058 191.103752 1.024319 
0.163187 70.390934 191.089747 1.024229 
0.163079 70.392117 191.073439 1.024302 
0.163104 70.394303 191.057738 1.024336 
0.163170 70.396343 191.042684 1.024255 
0.163205 70.395456 191.030775 1.024416 
0.163201 70.399444 191.017441 1.024544 
0.162865 70.403053 191.004101 1.024029 
0.163113 70.405397 190.996631 1.024363 
0.163034 70.411132 190.976625 1.024447 
0.163283 70.411073 190.958749 1.024393 
0.163090 70.408821 190.937077 1.024217 
0.163226 70.408894 190.927249 1.024193 
0.162797 70.410902 190.918290 1.024308 
0.163186 70.411877 190.901173 1.024176 
0.163234 70.414670 190.882036 1.024175 
0.162758 70.418033 190.871597 1.024410 
0.162881 70.418417 190.854102 1.024268 
0.163141 70.421159 190.836234 1.024336 
0.162903 70.421839 190.818988 1.024333 
0.162652 70.422355 190.798598 1.024498 
0.162687 70.423220 190.783462 1.024411 
0.162925 70.424178 190.770900 1.024425 
0.162626 70.419808 190.748176 1.024362 
0.162745 70.430342 190.732317 1.024306 
0.162857 70.417743 190.715112 1.024489 
0.162717 70.424477 190.697715 1.024566 
0.162598 70.424273 190.681449 1.024423 
0.162858 70.428275 190.669186 1.024330 
0.162889 70.429844 190.655239 1.024303 
0.162488 70.422531 190.643436 1.024599 
0.162695 70.421873 190.633281 1.024505 
0.162762 70.424789 190.621408 1.024411 
0.162721 70.424957 190.603046 1.024453 
0.162607 70.420844 190.593613 1.024377 
0.162445 70.425713 190.585037 1.024190 
0.162557 70.419754 190.572936 1.024285 
0.162639 70.433702 190.554339 1.024381 
0.162484 70.427651 190.551504 1.024228 
0.162583 70.429209 190.532226 1.024351 
0.162644 70.427975 190.524659 1.024293 
0.162865 70.437008 190.516574 1.024160 
0.162737 70.438396 190.509292 1.024228 
0.162837 70.440299 190.488138 1.024204 
0.162747 70.433462 190.482739 1.024436 
0.163154 70.435779 190.467707 1.024160 
0.162822 70.438289 190.459583 1.024359 
0.163130 70.443567 190.446137 1.024500 
0.163275 70.430980 190.434686 1.024403 
0.163308 70.443841 190.422191 1.024290 
