0.132592 70.532891 151.680740 1.024746 
0.132500 70.531761 151.714353 1.024412 
0.132791 70.525104 151.742536 1.024577 
0.132853 70.532770 151.763973 1.024294 
0.132823 70.531081 151.793483 1.024497 
0.132810 70.525132 151.827423 1.024352 
0.132900 70.534951 151.848058 1.024370 
0.133102 70.525216 151.880501 1.024376 
0.133101 70.522362 151.907485 1.024473 
0.133226 70.529462 151.931873 1.024188 
0.133358 70.529441 151.958963 1.024320 
0.133436 70.534206 151.987578 1.024403 
0.133571 70.523231 152.020370 1.024353 
0.133629 70.534438 152.049895 1.024366 
0.133543 70.527611 152.071624 1.024409 
0.133762 70.528479 152.105609 1.024418 
0.133925 70.524800 152.128875 1.024297 
0.133921 70.532369 152.153038 1.024413 
0.134039 70.529919 152.177319 1.024353 
0.134108 70.526755 152.203068 1.024408 
0.134154 70.524342 152.219667 1.024410 
0.134173 70.535122 152.253961 1.024439 
0.134258 70.525094 152.278250 1.024464 
0.134130 70.530216 152.297109 1.024447 
0.134281 70.535615 152.322133 1.024384 
0.134472 70.533513 152.341088 1.024508 
0.134358 70.527880 152.366884 1.024424 
0.134493 70.533669 152.389742 1.024539 
0.134350 70.530086 152.412968 1.024542 
0.134763 70.530856 152.439190 1.024382 
0.134748 70.534655 152.454494 1.024271 
0.134807 70.533386 152.487168 1.024532 
0.134939 70.532237 152.508800 1.024419 
0.134686 70.526905 152.526230 1.024325 
0.134645 70.528146 152.549546 1.024472 
0.135072 70.528964 152.582704 1.024453 
0.134969 70.532533 152.594993 1.024527 
0.134920 70.535448 152.620591 1.024544 
0.135091 70.535996 152.643624 1.024527 
0.135225 70.537803 152.659157 1.024490 
0.134956 70.537968 152.689609 1.024456 
0.135151 70.537527 152.717818 1.024518 
0.134914 70.541022 152.729889 1.024355 
0.134885 70.532950 152.762612 1.024438 
0.135220 70.536610 152.772616 1.024545 
0.135100 70.550327 152.788315 1.024265 
0.135143 70.542427 152.811369 1.024394 
0.135212 70.543805 152.836196 1.024497 
0.134867 70.544751 152.858237 1.024392 
0.135061 70.550064 152.876586 1.024596 
0.135334 70.553169 152.905647 1.024633 
0.135007 70.546002 152.923392 1.024374 
0.134870 70.546547 152.946236 1.024461 
0.134993 70.550430 152.966566 1.024339 
0.134901 70.551130 152.982428 1.024184 
0.135062 70.549992 153.005462 1.024295 
0.134912 70.555373 153.027258 1.024226 
0.134719 70.555771 153.045236 1.024177 
0.134918 70.553120 153.070622 1.024347 
0.134735 70.553271 153.080276 1.024183 
0.134721 70.553496 153.106103 1.024349 
0.134558 70.555620 153.123790 1.024260 
0.134755 70.555335 153.148807 1.024190 
0.134494 70.560325 153.167080 1.024315 
0.134356 70.558493 153.189450 1.024037 
0.134439 70.561903 153.210717 1.024245 
0.134699 70.560538 153.230526 1.024176 
0.134590 70.556679 153.254881 1.024256 
0.134542 70.551886 153.271011 1.024332 
0.134676 70.555002 153.285631 1.024346 
0.134513 70.553179 153.309950 1.024289 
0.134471 70.556031 153.332842 1.024390 
0.134607 70.551993 153.352122 1.024261 
0.134695 70.555344 153.365988 1.024220 
0.134684 70.547921 153.386590 1.024114 
0.134692 70.550965 153.402788 1.024431 
0.134837 70.550623 153.432252 1.024250 
0.134849 70.552441 153.450018 1.024351 
0.134733 70.549537 153.469182 1.024296 
0.134856 70.557607 153.487396 1.024306 
0.135002 70.554244 153.509519 1.024571 
0.135026 70.553610 153.529825 1.024392 
0.134920 70.557148 153.545468 1.024444 
0.134860 70.554706 153.558656 1.024442 
0.135059 70.555593 153.570464 1.024516 
0.135060 70.565438 153.599062 1.024391 
0.135164 70.564150 153.610430 1.024572 
0.134961 70.562805 153.631674 1.024314 
0.135077 70.578459 153.658656 1.024546 
0.134934 70.569917 153.671251 1.024567 
0.135273 70.585402 153.689822 1.024384 
0.135020 70.571211 153.706602 1.024198 
0.134933 70.572029 153.723405 1.024426 
0.135089 70.565438 153.741433 1.024416 
0.134948 70.574884 153.764852 1.024283 
0.135212 70.573292 153.775360 1.024290 
0.134945 70.574389 153.789179 1.024321 
0.135011 70.575653 153.820384 1.024240 
0.135015 70.581442 153.836241 1.024214 
0.134943 70.581481 153.851757 1.024236 
0.135039 70.583002 153.869250 1.024473 
0.134735 70.582030 153.885084 1.024520 
0.134683 70.579692 153.910737 1.024428 
0.134912 70.587001 153.913080 1.024333 
0.134938 70.583789 153.940133 1.024459 
0.134718 70.594606 153.950719 1.024429 
0.134886 70.591349 153.978888 1.024246 
0.134762 70.588805 153.993109 1.024515 
0.134663 70.587704 154.014093 1.024504 
0.134694 70.588846 154.033439 1.024188 
0.134520 70.597941 154.052168 1.024328 
0.134744 70.597165 154.062798 1.024142 
0.134437 70.590505 154.081867 1.024337 
0.134479 70.597990 154.098120 1.024407 
0.134481 70.602018 154.112734 1.024410 
0.134366 70.601767 154.123928 1.024524 
0.134595 70.608110 154.142827 1.024505 
0.134347 70.602644 154.160820 1.024306 
0.134438 70.605282 154.176680 1.024425 
0.134121 70.612227 154.189136 1.024371 
0.134249 70.609367 154.201019 1.024425 
0.134294 70.611917 154.216358 1.024368 
0.134165 70.609958 154.224888 1.024331 
0.134364 70.604057 154.241256 1.024317 
0.134414 70.609213 154.255058 1.024356 
0.134157 70.606966 154.267969 1.024258 
0.134389 70.606561 154.286772 1.024279 
0.134455 70.609734 154.306260 1.024315 
0.134645 70.611309 154.314352 1.024296 
0.134461 70.607885 154.329540 1.024243 
0.134416 70.601913 154.344885 1.024245 
0.134676 70.608404 154.352764 1.024240 
0.134394 70.607304 154.366682 1.024301 
0.134891 70.599948 154.384376 1.024395 
0.134623 70.608513 154.395065 1.024307 
0.135070 70.610395 154.407144 1.024386 
0.134814 70.602794 154.413663 1.024325 
0.134920 70.605876 154.429664 1.024310 
0.134902 70.601097 154.435531 1.024390 
0.134987 70.610918 154.441978 1.024486 
0.135229 70.601531 154.463476 1.024481 
0.135252 70.607257 154.466065 1.024380 
0.135134 70.610563 154.481226 1.024392 
0.135203 70.602986 154.499491 1.024360 
0.135118 70.606529 154.508250 1.024487 
0.135391 70.610009 154.525664 1.024567 
0.135183 70.603560 154.526257 1.024339 
0.135484 70.609434 154.536492 1.024518 
0.135436 70.605350 154.552909 1.024485 
0.135624 70.606758 154.554535 1.024569 
0.135562 70.614666 154.575702 1.024300 
0.135438 70.611154 154.590684 1.024273 
0.135869 70.609701 154.599141 1.024162 
0.135414 70.609458 154.607964 1.024218 
0.135540 70.612515 154.621574 1.024206 
0.135385 70.617848 154.632209 1.024339 
0.135681 70.615526 154.643370 1.024579 
0.135666 70.612105 154.668253 1.024385 
0.135661 70.612011 154.663102 1.024302 
0.135653 70.609673 154.679865 1.024196 
0.135835 70.612555 154.702712 1.024222 
0.135672 70.616241 154.710153 1.024383 
0.136001 70.612401 154.714569 1.024115 
0.135912 70.613362 154.724585 1.024214 
0.136031 70.616808 154.741298 1.024488 
0.135980 70.610922 154.750593 1.024457 
0.135839 70.614796 154.757310 1.024273 
0.136026 70.611514 154.772814 1.024326 
0.136193 70.600927 154.778445 1.024341 
0.135994 70.608451 154.792882 1.024408 
0.136283 70.605799 154.799566 1.024305 
0.136151 70.602036 154.808831 1.024394 
0.136117 70.604720 154.827462 1.024336 
0.136095 70.599491 154.831055 1.024311 
0.136205 70.598426 154.843810 1.024605 
0.136165 70.599041 154.848725 1.024366 
0.136462 70.600132 154.865201 1.024394 
0.136347 70.605226 154.863558 1.024273 
0.136351 70.605722 154.878049 1.024282 
0.136438 70.601730 154.893830 1.024472 
0.136156 70.601377 154.897957 1.024294 
0.136573 70.599223 154.903351 1.024361 
0.136458 70.593966 154.916464 1.024445 
0.136715 70.597933 154.921113 1.024515 
0.136509 70.599368 154.939434 1.024459 
0.136824 70.593519 154.947585 1.024552 
0.136618 70.597927 154.958706 1.024269 
0.136762 70.588281 154.964441 1.024513 
0.136535 70.589116 154.972579 1.024533 
0.136896 70.587938 154.985680 1.024507 
0.136899 70.586195 154.987690 1.024570 
0.136795 70.587958 154.998753 1.024403 
0.136751 70.583372 155.005491 1.024377 
0.136899 70.579090 155.018304 1.024480 
0.137007 70.578427 155.024503 1.024362 
0.136964 70.582247 155.035778 1.024405 
0.137231 70.578323 155.042113 1.024463 
0.137144 70.572547 155.049555 1.024366 
0.137328 70.582485 155.054220 1.024443 
0.137066 70.579929 155.064431 1.024486 
