0.177659 66.345473 182.779397 1.024250 
0.181876 66.744655 192.580395 1.024157 
0.182046 66.739977 192.629982 1.024074 
0.182085 66.737501 192.684364 1.024095 
0.182302 66.742584 192.735572 1.024232 
0.182089 66.738403 192.785554 1.024228 
0.182222 66.743602 192.835380 1.024123 
0.182352 66.743408 192.892262 1.024156 
0.182654 66.744644 192.935679 1.024123 
0.182322 66.751765 192.988977 1.023980 
0.182588 66.750097 193.034882 1.024042 
0.182369 66.752904 193.080909 1.024055 
0.182473 66.748108 193.132637 1.024115 
0.182290 66.755274 193.178482 1.024169 
0.182204 66.749790 193.229720 1.024089 
0.182293 66.750350 193.273604 1.024000 
0.182097 66.750143 193.318901 1.023844 
0.182130 66.750283 193.364405 1.023952 
0.182036 66.761406 193.409304 1.024177 
0.182243 66.750150 193.459661 1.024240 
0.182268 66.753287 193.503733 1.024107 
0.182389 66.748294 193.547611 1.024288 
0.182151 66.751917 193.597160 1.024495 
0.182218 66.751934 193.650358 1.024246 
0.182172 66.756529 193.695640 1.024150 
0.182369 66.754245 193.751750 1.024240 
0.182147 66.755260 193.793625 1.024242 
0.182644 66.751640 193.838961 1.024102 
0.182292 66.751001 193.890901 1.024077 
0.182673 66.751027 193.936573 1.024191 
0.182603 66.751383 193.990399 1.024211 
0.182535 66.753726 194.036225 1.024278 
0.182383 66.757418 194.079971 1.024377 
0.182859 66.761519 194.126651 1.024292 
0.182837 66.756488 194.184959 1.024261 
0.182847 66.761505 194.234446 1.024359 
0.182838 66.760296 194.278508 1.024340 
0.182909 66.761363 194.328920 1.024046 
0.182997 66.769665 194.379997 1.024118 
0.183093 66.757399 194.415279 1.024039 
0.183123 66.753435 194.467664 1.024038 
0.183044 66.757849 194.504293 1.024230 
0.183296 66.759360 194.554784 1.024350 
0.183329 66.758808 194.601499 1.024202 
0.183287 66.754092 194.641523 1.024139 
0.183418 66.753748 194.685835 1.024078 
0.183425 66.754916 194.727791 1.024276 
0.183317 66.749833 194.775420 1.024103 
0.183537 66.756478 194.806347 1.024100 
0.183629 66.763063 194.852573 1.024017 
0.183470 66.759809 194.895537 1.024283 
0.183587 66.758920 194.939228 1.024090 
0.183595 66.762959 194.984485 1.024087 
0.183944 66.767264 195.015848 1.024266 
0.183720 66.758408 195.066061 1.024294 
0.183838 66.764868 195.114885 1.023964 
0.184135 66.765846 195.150666 1.024218 
0.184186 66.760048 195.194293 1.024362 
0.184224 66.758248 195.233126 1.024161 
0.184129 66.760556 195.279102 1.024203 
0.184066 66.767597 195.322798 1.024232 
0.184057 66.761186 195.365187 1.024287 
0.184404 66.757600 195.405484 1.024073 
0.184330 66.766607 195.437813 1.024258 
0.184519 66.759963 195.473866 1.024219 
0.184423 66.759601 195.523637 1.024179 
0.184639 66.757892 195.555021 1.024029 
0.184498 66.758813 195.599696 1.024245 
0.184554 66.758751 195.627203 1.024322 
0.184824 66.765052 195.663079 1.024322 
0.184848 66.765445 195.705513 1.024197 
0.184898 66.763332 195.735501 1.024218 
0.184990 66.767281 195.775323 1.024288 
0.184924 66.768917 195.811777 1.024221 
0.184972 66.762639 195.849616 1.024260 
0.185143 66.765496 195.888326 1.024052 
0.185443 66.767504 195.926380 1.024204 
0.185370 66.766516 195.960831 1.024041 
0.185384 66.761083 195.997969 1.024056 
0.185674 66.766729 196.026239 1.024205 
0.185697 66.766041 196.072786 1.024259 
0.185547 66.762949 196.111416 1.024198 
0.185797 66.767760 196.153387 1.024126 
0.185833 66.772470 196.179338 1.024145 
0.185885 66.770418 196.216723 1.024126 
0.185934 66.770544 196.248276 1.024361 
0.186007 66.769480 196.283711 1.024347 
0.186087 66.770745 196.316475 1.024120 
0.186308 66.773757 196.349232 1.023970 
0.186211 66.772097 196.371768 1.024221 
0.186174 66.776779 196.412035 1.024026 
0.186159 66.772493 196.446962 1.024181 
0.186239 66.776813 196.471381 1.024161 
0.186339 66.775162 196.511570 1.024363 
0.186252 66.773959 196.541852 1.024174 
0.186381 66.779995 196.566197 1.024295 
0.186564 66.782696 196.595834 1.024404 
0.186678 66.785437 196.626583 1.024111 
0.186564 66.786469 196.665196 1.024284 
0.186844 66.786376 196.685179 1.024113 
0.186620 66.785275 196.714337 1.024116 
0.186732 66.796261 196.744581 1.024151 
0.186900 66.793858 196.767451 1.024292 
0.186938 66.797816 196.802932 1.024307 
0.187065 66.788639 196.821794 1.023929 
0.186960 66.796154 196.843470 1.023979 
0.186887 66.794175 196.877577 1.023995 
0.187106 66.797826 196.900503 1.024147 
0.186857 66.797708 196.923043 1.024201 
0.187225 66.802137 196.950999 1.024121 
0.187005 66.802864 196.969109 1.024043 
0.187204 66.801521 196.998506 1.024184 
0.187235 66.807848 197.016053 1.024198 
0.186922 66.800922 197.049194 1.023973 
0.187193 66.805225 197.080069 1.024106 
0.186832 66.811502 197.105766 1.024320 
0.186768 66.808397 197.122137 1.024244 
0.186760 66.813526 197.157065 1.024195 
0.186870 66.815685 197.178318 1.024199 
0.186775 66.817441 197.209125 1.024321 
0.186865 66.812404 197.235456 1.024231 
0.186939 66.816690 197.250402 1.024213 
0.186775 66.810467 197.277742 1.024080 
0.187009 66.818696 197.319565 1.024115 
0.186783 66.817898 197.339067 1.023976 
0.186704 66.815629 197.370089 1.024024 
0.186826 66.814503 197.394997 1.024241 
0.186399 66.817176 197.423991 1.024152 
0.186616 66.820153 197.445895 1.024253 
0.186412 66.816155 197.476413 1.024305 
0.186414 66.820075 197.507189 1.024225 
0.186460 66.819467 197.538212 1.024210 
0.186475 66.821785 197.565841 1.024210 
0.186426 66.821935 197.600440 1.024314 
0.186188 66.816661 197.627188 1.024065 
0.186523 66.814419 197.658939 1.024288 
0.186399 66.827881 197.679911 1.024286 
0.186380 66.824391 197.714727 1.024191 
0.186502 66.820221 197.736826 1.024141 
0.186460 66.821437 197.771859 1.024170 
0.186623 66.821003 197.799107 1.024025 
0.186495 66.822670 197.832232 1.024245 
0.186574 66.824543 197.860647 1.024176 
0.186682 66.831721 197.896154 1.024101 
0.186470 66.833650 197.930804 1.024266 
0.186605 66.826206 197.958747 1.024219 
0.186842 66.834925 197.988957 1.024266 
0.186998 66.837090 198.014975 1.024250 
0.186777 66.829898 198.050733 1.024206 
0.186880 66.834483 198.089210 1.024407 
0.187096 66.832225 198.112309 1.024017 
0.186966 66.832392 198.148523 1.024289 
0.187141 66.826593 198.177206 1.024296 
0.187346 66.839061 198.209165 1.024182 
0.187406 66.837840 198.245375 1.024163 
0.187244 66.846028 198.261672 1.024140 
0.187476 66.835828 198.304496 1.024124 
0.187520 66.848441 198.315078 1.024056 
0.187690 66.835520 198.352742 1.023941 
0.187729 66.842130 198.382992 1.024118 
0.187789 66.843771 198.417740 1.024281 
0.187712 66.843466 198.440780 1.024277 
0.187982 66.841538 198.475744 1.024087 
0.187723 66.846342 198.497048 1.024032 
0.187911 66.841496 198.532209 1.024164 
0.187963 66.845477 198.556921 1.024248 
0.187844 66.849071 198.582096 1.024131 
0.187715 66.848101 198.618837 1.024115 
0.187913 66.845280 198.644655 1.024144 
0.187808 66.847301 198.663551 1.024132 
0.187921 66.853895 198.684467 1.024048 
0.187906 66.851629 198.714443 1.024110 
0.187990 66.857967 198.744108 1.024125 
0.188146 66.860106 198.763670 1.024181 
0.187963 66.856047 198.792007 1.024278 
0.188160 66.861081 198.823187 1.023999 
0.188343 66.860847 198.852744 1.024118 
0.188362 66.863446 198.872865 1.024124 
0.188212 66.860472 198.894925 1.024200 
0.188189 66.859467 198.919614 1.024010 
0.188605 66.870405 198.945053 1.024233 
0.188289 66.870549 198.974891 1.024162 
0.188148 66.862154 199.003067 1.023995 
0.188313 66.861460 199.027442 1.024216 
0.188196 66.860859 199.056824 1.024139 
0.188049 66.865624 199.083278 1.024049 
0.188197 66.873685 199.110358 1.024144 
0.188120 66.876350 199.127044 1.024198 
0.188201 66.876209 199.165402 1.024390 
0.187998 66.883632 199.183643 1.024256 
0.188300 66.885912 199.206896 1.024111 
0.188014 66.884032 199.230521 1.024190 
0.187905 66.891195 199.254172 1.023986 
0.188109 66.890852 199.283528 1.023817 
0.188301 66.884505 199.298858 1.023964 
0.187934 66.894785 199.330866 1.024151 
0.188125 66.902223 199.347773 1.024210 
0.188201 66.891652 199.376327 1.024125 
0.188162 66.892183 199.398734 1.024306 
0.188089 66.884794 199.422989 1.024119 
