0.188035 69.945547 234.601055 1.024417 
0.148837 70.192005 205.814179 1.024449 
0.148527 70.196635 205.656280 1.024279 
0.148223 70.190354 205.508355 1.024332 
0.148412 70.193579 205.349140 1.024198 
0.148067 70.188953 205.208436 1.024266 
0.147756 70.192257 205.062218 1.024462 
0.147919 70.200395 204.907701 1.024308 
0.147610 70.186754 204.763207 1.024589 
0.147599 70.189416 204.618169 1.024294 
0.147178 70.196384 204.467327 1.024237 
0.147360 70.191049 204.318604 1.024368 
0.146965 70.185898 204.179514 1.024273 
0.146943 70.190023 204.030288 1.024296 
0.146821 70.198274 203.890616 1.024334 
0.146996 70.191481 203.745886 1.024471 
0.146547 70.190594 203.605646 1.024402 
0.146702 70.199658 203.473093 1.024365 
0.146434 70.193279 203.338090 1.024263 
0.146507 70.197952 203.204010 1.024440 
0.146316 70.199085 203.062783 1.024375 
0.146044 70.197566 202.932434 1.024349 
0.146008 70.197518 202.799238 1.024461 
0.146062 70.203190 202.665801 1.024321 
0.145837 70.200963 202.532309 1.024455 
0.145966 70.201834 202.391727 1.024302 
0.145757 70.201593 202.247637 1.024227 
0.145845 70.203558 202.114944 1.024215 
0.145573 70.204984 201.978990 1.024240 
0.145517 70.200650 201.843266 1.024224 
0.145604 70.206910 201.706595 1.024197 
0.145552 70.201960 201.572894 1.024396 
0.145626 70.206030 201.429802 1.024322 
0.145451 70.209551 201.307681 1.024387 
0.145316 70.208878 201.174371 1.024310 
0.145137 70.212771 201.049309 1.024405 
0.145184 70.205627 200.915792 1.024293 
0.145093 70.209799 200.789726 1.024456 
0.145204 70.214323 200.666535 1.024452 
0.145256 70.220702 200.538175 1.024290 
0.145269 70.228747 200.406694 1.024427 
0.144927 70.216708 200.283199 1.024302 
0.145165 70.208005 200.152230 1.024343 
0.145116 70.214205 200.027989 1.024240 
0.144872 70.215344 199.907012 1.024222 
0.145116 70.226024 199.779036 1.024392 
0.145004 70.218726 199.654196 1.024415 
0.145055 70.215009 199.526242 1.024351 
0.145011 70.214921 199.398895 1.024559 
0.144909 70.217051 199.272071 1.024346 
0.144841 70.219532 199.138920 1.024458 
0.145005 70.216993 199.018661 1.024355 
0.145001 70.211318 198.900695 1.024365 
0.144939 70.217159 198.777971 1.024281 
0.144968 70.211958 198.659514 1.024284 
0.144842 70.212495 198.540564 1.024148 
0.144963 70.214373 198.427072 1.024227 
0.145009 70.213690 198.309615 1.024197 
0.144752 70.210241 198.199659 1.024201 
0.145037 70.211886 198.086722 1.024122 
0.144752 70.206320 197.959522 1.024329 
0.144736 70.208175 197.842551 1.024401 
0.144768 70.213307 197.727986 1.024330 
0.144755 70.208759 197.611940 1.024356 
0.144814 70.216342 197.501877 1.024398 
0.144921 70.214162 197.397637 1.024202 
0.144773 70.212456 197.282153 1.024374 
0.144773 70.213720 197.180564 1.024402 
0.144826 70.214618 197.066283 1.024206 
0.144895 70.217327 196.957860 1.024036 
0.144836 70.215264 196.848467 1.024353 
0.144816 70.217225 196.741252 1.024456 
0.144837 70.219042 196.638254 1.024403 
0.145203 70.221155 196.524409 1.024282 
0.144860 70.217215 196.407334 1.024352 
0.144913 70.225209 196.298350 1.024394 
0.144995 70.227748 196.193329 1.024342 
0.145070 70.219315 196.081764 1.024392 
0.144859 70.227487 195.961096 1.024478 
0.144985 70.227487 195.859097 1.024281 
0.144901 70.231798 195.748533 1.024429 
0.145161 70.234700 195.645705 1.024420 
0.145002 70.232346 195.539694 1.024298 
0.145228 70.224771 195.421999 1.024377 
0.145246 70.237750 195.318639 1.024453 
0.144731 70.226840 195.211739 1.024467 
0.145115 70.228294 195.103932 1.024520 
0.145327 70.235877 195.006786 1.024276 
0.145166 70.234056 194.894320 1.024345 
0.145022 70.234015 194.796118 1.024423 
0.145091 70.233345 194.703876 1.024538 
0.145090 70.237698 194.609540 1.024377 
0.145105 70.237284 194.504536 1.024339 
0.145305 70.233902 194.403221 1.024501 
0.145210 70.241247 194.307076 1.024456 
0.145180 70.234650 194.202683 1.024498 
0.145269 70.237257 194.097167 1.024445 
0.145334 70.238778 194.000616 1.024382 
0.145380 70.231329 193.908762 1.024490 
0.145312 70.236301 193.809549 1.024411 
0.145267 70.236272 193.710732 1.024323 
0.145459 70.224470 193.619951 1.024354 
0.145393 70.230584 193.534178 1.024316 
0.145315 70.232618 193.434627 1.024233 
0.145352 70.232884 193.340107 1.024213 
0.145432 70.229433 193.247578 1.024265 
0.145347 70.231802 193.152766 1.024459 
0.145205 70.239396 193.071410 1.024264 
0.145199 70.232615 192.965825 1.024401 
0.145157 70.234852 192.873140 1.024267 
0.145275 70.232820 192.776023 1.024333 
0.145240 70.230683 192.677434 1.024407 
0.145276 70.230115 192.587845 1.024098 
0.145167 70.229358 192.501474 1.024388 
0.145144 70.221803 192.400084 1.024418 
0.145417 70.226525 192.303441 1.024286 
0.145294 70.223311 192.204776 1.024376 
0.145290 70.230864 192.110408 1.024381 
0.145257 70.226097 192.023926 1.024415 
0.145213 70.224696 191.922764 1.024315 
0.145480 70.221885 191.844706 1.024227 
0.145223 70.221259 191.748936 1.024220 
0.145287 70.224630 191.657050 1.024116 
0.145061 70.225885 191.565676 1.024257 
0.145131 70.221730 191.472501 1.024395 
0.145251 70.229909 191.378070 1.024488 
0.145500 70.231716 191.290107 1.024455 
0.145074 70.229502 191.195996 1.024462 
0.145274 70.224399 191.099021 1.024361 
0.145259 70.226080 191.024353 1.024414 
0.144887 70.225123 190.930440 1.024452 
0.145213 70.228221 190.851977 1.024357 
0.145089 70.224566 190.763470 1.024280 
0.145324 70.236780 190.675716 1.024197 
0.144909 70.228169 190.595075 1.024196 
0.145205 70.232379 190.505614 1.024291 
0.144911 70.224079 190.418075 1.024242 
0.145083 70.228305 190.332410 1.024391 
0.144860 70.230158 190.240431 1.024439 
0.144777 70.225176 190.147526 1.024421 
0.145010 70.232986 190.056288 1.024371 
0.144940 70.232487 189.971667 1.024483 
0.145089 70.227538 189.872776 1.024260 
0.144798 70.226381 189.789547 1.024267 
0.144842 70.233784 189.712989 1.024226 
0.145011 70.229305 189.627700 1.024229 
0.144667 70.231772 189.530436 1.024372 
0.144684 70.233341 189.457335 1.024145 
0.144657 70.239304 189.378142 1.024386 
0.144664 70.234215 189.288798 1.024261 
0.144729 70.239609 189.211343 1.024039 
0.144703 70.237987 189.136371 1.024413 
0.144717 70.234040 189.061883 1.024290 
0.144568 70.241070 188.984799 1.024381 
0.144578 70.240780 188.911510 1.024371 
0.144527 70.239138 188.835653 1.024313 
0.144532 70.240971 188.773332 1.024488 
0.144425 70.242710 188.692617 1.024256 
0.144308 70.248680 188.618221 1.024263 
0.144506 70.240645 188.552705 1.024388 
0.144232 70.246848 188.477755 1.024338 
0.144176 70.245046 188.411036 1.024300 
0.144082 70.247869 188.343717 1.024585 
0.143857 70.250346 188.269892 1.024322 
0.143908 70.244316 188.200661 1.024305 
0.143934 70.245032 188.137475 1.024286 
0.143438 70.248679 188.069825 1.024351 
0.143399 70.253754 188.002005 1.024401 
0.143549 70.243569 187.930942 1.024399 
0.143299 70.255951 187.865050 1.024575 
0.143256 70.250880 187.783890 1.024408 
0.143099 70.255401 187.716064 1.024242 
0.143045 70.258259 187.645269 1.024297 
0.142992 70.265423 187.581337 1.024469 
0.142853 70.262508 187.502015 1.024380 
0.142811 70.264558 187.434732 1.024398 
0.142600 70.263739 187.363289 1.024433 
0.142361 70.266219 187.298037 1.024341 
0.142392 70.275498 187.227741 1.024485 
0.142413 70.270933 187.157994 1.024458 
0.142135 70.269213 187.087784 1.024570 
0.141874 70.275284 187.007166 1.024378 
0.142093 70.266473 186.939174 1.024384 
0.141906 70.280791 186.861032 1.024540 
0.141779 70.274046 186.774768 1.024495 
0.141820 70.274348 186.697477 1.024556 
0.141641 70.269505 186.610138 1.024413 
0.141601 70.268490 186.529128 1.024467 
0.141524 70.272372 186.437806 1.024533 
0.141472 70.270746 186.360819 1.024346 
0.141637 70.274673 186.264525 1.024601 
0.141206 70.273615 186.173394 1.024576 
0.141405 70.266839 186.080094 1.024527 
0.141289 70.265743 185.992554 1.024461 
0.140927 70.262360 185.909782 1.024497 
0.141109 70.261491 185.804269 1.024304 
0.141168 70.261347 185.706408 1.024301 
0.140929 70.259925 185.617563 1.024479 
0.140870 70.255915 185.524876 1.024230 
0.140864 70.252784 185.431292 1.024343 
