0.188009 66.891982 199.448180 1.024200 
0.133790 67.468806 174.607195 1.024322 
0.133237 67.476355 174.394105 1.024195 
0.133204 67.477032 174.169837 1.024357 
0.132482 67.475858 173.966731 1.024257 
0.132380 67.467571 173.749196 1.024271 
0.131959 67.471986 173.540466 1.024309 
0.131880 67.461950 173.323894 1.024363 
0.131451 67.464837 173.108304 1.024363 
0.131171 67.474475 172.904826 1.024385 
0.130735 67.466831 172.698516 1.024422 
0.130674 67.471579 172.490781 1.024353 
0.130494 67.472427 172.282822 1.024419 
0.130229 67.472792 172.070859 1.024402 
0.129728 67.464611 171.870530 1.024454 
0.129282 67.471586 171.669462 1.024399 
0.129227 67.471570 171.456357 1.024368 
0.128807 67.472472 171.253296 1.024289 
0.128698 67.475704 171.053108 1.024499 
0.128364 67.474907 170.858962 1.024256 
0.128154 67.471799 170.666870 1.024529 
0.128056 67.470023 170.471519 1.024375 
0.127773 67.468956 170.269628 1.024425 
0.127525 67.476269 170.070531 1.024476 
0.127479 67.475075 169.879800 1.024326 
0.127009 67.472939 169.695510 1.024381 
0.127171 67.470191 169.506290 1.024393 
0.126769 67.467105 169.325426 1.024465 
0.126745 67.474101 169.139415 1.024353 
0.126382 67.471909 168.943427 1.024312 
0.126470 67.468671 168.765847 1.024360 
0.126072 67.471404 168.585651 1.024403 
0.126113 67.469298 168.406559 1.024271 
0.125908 67.468953 168.226043 1.024060 
0.125633 67.470695 168.048101 1.024318 
0.125461 67.459212 167.865619 1.024196 
0.125416 67.467829 167.687856 1.023995 
0.125256 67.471599 167.507447 1.024265 
0.124970 67.468278 167.341250 1.024170 
0.124929 67.481204 167.151861 1.024305 
0.124528 67.478639 166.987104 1.024309 
0.124560 67.473543 166.812399 1.024196 
0.124389 67.478024 166.649880 1.024369 
0.124105 67.479917 166.484103 1.024204 
0.124046 67.482315 166.316559 1.024117 
0.123952 67.480728 166.152568 1.024039 
0.123713 67.488749 165.993986 1.023980 
0.123698 67.478303 165.826868 1.024191 
0.123600 67.487365 165.665793 1.024244 
0.123514 67.486906 165.504047 1.024330 
0.123103 67.492303 165.345293 1.024337 
0.123035 67.494211 165.176931 1.024165 
0.123165 67.494813 165.016413 1.024362 
0.122884 67.495716 164.856822 1.024223 
0.122749 67.500067 164.703909 1.024180 
0.122821 67.501944 164.539969 1.024241 
0.122627 67.501267 164.386852 1.024141 
0.122357 67.503270 164.233166 1.024216 
0.122316 67.509892 164.078655 1.024152 
0.122008 67.512940 163.916931 1.023789 
0.122115 67.518017 163.771020 1.024289 
0.121781 67.519888 163.610690 1.024418 
0.121729 67.515407 163.463451 1.024254 
0.121613 67.515740 163.312793 1.024208 
0.121691 67.524348 163.154003 1.024254 
0.121595 67.523261 163.006725 1.024284 
0.121620 67.519320 162.856428 1.024204 
0.121302 67.516779 162.705417 1.024163 
0.121297 67.519991 162.548886 1.024500 
0.121210 67.519025 162.399397 1.024361 
0.121033 67.526272 162.259584 1.024410 
0.120963 67.528602 162.116368 1.024472 
0.121036 67.530119 161.962615 1.024467 
0.120800 67.531081 161.819349 1.024296 
0.120825 67.536912 161.672812 1.024205 
0.120575 67.545816 161.525507 1.024377 
0.120834 67.548294 161.377822 1.024318 
0.120581 67.547886 161.240365 1.024411 
0.120299 67.547666 161.107497 1.024449 
0.120568 67.548587 160.965125 1.024380 
0.120451 67.553710 160.820299 1.024269 
0.119977 67.558076 160.691097 1.024406 
0.120185 67.559680 160.540824 1.024366 
0.120000 67.562191 160.409218 1.024304 
0.119910 67.567542 160.266279 1.024310 
0.119623 67.566240 160.132173 1.024433 
0.119820 67.572307 159.997552 1.024306 
0.119501 67.567380 159.851526 1.024335 
0.119604 67.568525 159.720360 1.024470 
0.119484 67.576742 159.593702 1.024231 
0.119217 67.575733 159.463886 1.024448 
0.119311 67.576189 159.334654 1.024294 
0.118991 67.580189 159.198411 1.024316 
0.119184 67.585294 159.079457 1.024376 
0.119021 67.593572 158.944406 1.024358 
0.118900 67.597107 158.817948 1.024227 
0.118948 67.593478 158.685224 1.024522 
0.118755 67.599304 158.555357 1.024275 
0.118764 67.597113 158.429590 1.024316 
0.118737 67.609054 158.305261 1.024305 
0.118386 67.611581 158.173799 1.024345 
0.118810 67.615757 158.046061 1.024030 
0.118470 67.612232 157.928650 1.024032 
0.118537 67.617742 157.799995 1.024152 
0.118199 67.618836 157.683315 1.024161 
0.118475 67.620727 157.558680 1.024050 
0.118266 67.627907 157.429705 1.024097 
0.118449 67.626825 157.320390 1.024200 
0.118214 67.629731 157.202807 1.024097 
0.118123 67.636769 157.085503 1.024183 
0.118174 67.636960 156.972772 1.024263 
0.118048 67.643650 156.867825 1.024265 
0.118173 67.646490 156.751933 1.024282 
0.118131 67.643903 156.639841 1.024425 
0.118191 67.645867 156.527536 1.024439 
0.118154 67.645820 156.422204 1.024239 
0.118241 67.648781 156.318400 1.024221 
0.118411 67.647223 156.209222 1.024272 
0.118245 67.653742 156.109801 1.024294 
0.118465 67.659412 156.002524 1.024372 
0.118221 67.651541 155.904381 1.024201 
0.118587 67.654967 155.798731 1.024330 
0.118687 67.653653 155.699771 1.024229 
0.118455 67.657787 155.595790 1.024282 
0.118627 67.667152 155.494190 1.024369 
0.118553 67.663735 155.399948 1.024107 
0.118640 67.668859 155.300325 1.024262 
0.118501 67.667537 155.192746 1.024368 
0.118715 67.670839 155.096777 1.024383 
0.118742 67.677723 155.000759 1.024317 
0.118847 67.675306 154.906868 1.024384 
0.118811 67.683138 154.808313 1.024250 
0.118925 67.675449 154.720184 1.024278 
0.119087 67.679713 154.617269 1.024173 
0.119236 67.690682 154.523888 1.024276 
0.119220 67.689983 154.435847 1.024336 
0.119117 67.686167 154.330593 1.024282 
0.119207 67.688140 154.240348 1.024179 
0.119211 67.697034 154.149701 1.024095 
0.119359 67.691899 154.050461 1.024059 
0.119334 67.698255 153.962754 1.024211 
0.119452 67.703284 153.869996 1.024058 
0.119395 67.698124 153.776931 1.024176 
0.119541 67.705947 153.687681 1.024096 
0.119335 67.708259 153.600897 1.024235 
0.119466 67.702517 153.509689 1.024377 
0.119509 67.707802 153.415045 1.024303 
0.119675 67.711904 153.337410 1.024429 
0.119462 67.714364 153.242901 1.024403 
0.119605 67.718011 153.153081 1.024465 
0.119809 67.718408 153.061090 1.024313 
0.119694 67.718399 152.976502 1.024382 
0.119769 67.718018 152.891411 1.024051 
0.119627 67.722059 152.799443 1.024127 
0.119507 67.718115 152.713036 1.024102 
0.119679 67.726505 152.637014 1.024206 
0.119775 67.732018 152.545710 1.024110 
0.119832 67.733855 152.468777 1.024217 
0.119746 67.732092 152.378183 1.024165 
0.119716 67.736495 152.294138 1.023913 
0.119937 67.743456 152.213657 1.024142 
0.120022 67.748488 152.136379 1.023955 
0.119983 67.748878 152.060456 1.024067 
0.119997 67.746353 151.979864 1.024085 
0.120026 67.748470 151.896550 1.024010 
0.119936 67.740729 151.816005 1.024034 
0.120015 67.745869 151.736212 1.024050 
0.120089 67.754184 151.661601 1.024129 
0.120022 67.757164 151.587853 1.024077 
0.119732 67.756144 151.511902 1.024080 
0.119915 67.756089 151.428476 1.024052 
0.119889 67.755112 151.350876 1.024085 
0.119726 67.758734 151.287503 1.024112 
0.119663 67.748849 151.200514 1.024401 
0.119751 67.761161 151.128047 1.024228 
0.119757 67.767037 151.054604 1.024088 
0.119522 67.755461 150.979939 1.024039 
0.119589 67.756451 150.896435 1.024266 
0.119561 67.758910 150.827598 1.024150 
0.119494 67.769409 150.755447 1.023979 
0.119535 67.756694 150.678699 1.024220 
0.119547 67.764310 150.601714 1.024327 
0.119476 67.760489 150.534034 1.024102 
0.119449 67.765691 150.465536 1.024019 
0.119579 67.766687 150.391937 1.023982 
0.119595 67.769242 150.316000 1.024153 
0.119586 67.768755 150.241834 1.024150 
0.119508 67.779078 150.180281 1.024366 
0.119449 67.775469 150.111706 1.024303 
0.119492 67.775264 150.044809 1.024268 
0.119555 67.782525 149.967423 1.024163 
0.119478 67.777439 149.910443 1.024170 
0.119574 67.784288 149.841144 1.024148 
0.119453 67.780617 149.771490 1.024058 
0.119622 67.791047 149.707824 1.024185 
0.119486 67.792821 149.634732 1.024168 
0.119804 67.790110 149.573798 1.024258 
0.119511 67.791030 149.511206 1.024191 
0.119577 67.801384 149.447293 1.024239 
0.119583 67.793289 149.381658 1.024230 
