0.181578 68.923944 194.692667 1.024253 
0.181578 68.923355 194.659430 1.024321 
0.181704 68.934459 194.628139 1.024337 
0.181962 68.932362 194.579704 1.024297 
0.181609 68.937484 194.540252 1.024347 
0.181366 68.937374 194.494500 1.024282 
0.181482 68.940334 194.462798 1.024208 
0.181570 68.952440 194.426222 1.024393 
0.181449 68.946697 194.382426 1.024404 
0.181412 68.951316 194.343078 1.024322 
0.181398 68.957370 194.307730 1.024226 
0.181273 68.956573 194.262647 1.024352 
0.181270 68.950077 194.218901 1.024292 
0.181490 68.956886 194.180641 1.024216 
0.181133 68.955212 194.136545 1.024312 
0.181353 68.966160 194.102310 1.024212 
0.181166 68.966185 194.063539 1.024151 
0.181102 68.961472 194.032676 1.024270 
0.181010 68.965782 193.979253 1.024367 
0.180889 68.960767 193.948776 1.024366 
0.180835 68.967665 193.912788 1.024231 
0.181049 68.966998 193.877694 1.024361 
0.180928 68.964800 193.836792 1.024349 
0.180839 68.969128 193.799673 1.024424 
0.180601 68.965611 193.758676 1.024327 
0.180771 68.967826 193.719778 1.024289 
0.180570 68.971728 193.680050 1.024379 
0.180577 68.969787 193.657817 1.024199 
0.180590 68.967437 193.606937 1.024311 
0.180637 68.967105 193.564075 1.024295 
0.180166 68.966411 193.530304 1.024086 
0.180259 68.965018 193.485923 1.024227 
0.180251 68.966640 193.452518 1.024440 
0.180316 68.970437 193.406680 1.024270 
0.180281 68.966155 193.370938 1.024297 
0.180344 68.977262 193.321023 1.024306 
0.180266 68.971566 193.292912 1.024370 
0.180415 68.975952 193.251295 1.024611 
0.180306 68.973637 193.215083 1.024517 
0.180256 68.980766 193.173334 1.024285 
0.180410 68.973158 193.131308 1.024208 
0.180501 68.975149 193.104952 1.024510 
0.180324 68.975459 193.068843 1.024180 
0.180248 68.970142 193.033735 1.024157 
0.180526 68.974894 192.997398 1.024277 
0.180194 68.985855 192.966942 1.024271 
0.180759 68.988374 192.933097 1.024340 
0.180153 68.984392 192.898304 1.024239 
0.180517 68.995267 192.866931 1.024090 
0.180420 68.986583 192.830538 1.024197 
0.180429 69.000523 192.787451 1.024455 
0.180575 68.992912 192.758950 1.024254 
0.180520 68.996508 192.728692 1.024363 
0.180275 68.997156 192.690912 1.024224 
0.180628 69.000474 192.651777 1.024375 
0.180675 68.997162 192.627504 1.024194 
0.180627 69.001262 192.587829 1.024111 
0.180572 68.998794 192.559653 1.024127 
0.180468 69.007818 192.525042 1.024133 
0.180622 69.009288 192.482639 1.024174 
0.180417 69.010903 192.454681 1.024376 
0.180219 69.009085 192.427361 1.024357 
0.180711 69.008094 192.408374 1.024370 
0.180533 69.006292 192.373632 1.024274 
0.180522 69.016670 192.335871 1.024315 
0.180544 69.012996 192.310352 1.024375 
0.180673 69.015462 192.284165 1.024282 
0.180429 69.020924 192.257809 1.024329 
0.180823 69.027499 192.230743 1.024267 
0.180678 69.023218 192.201375 1.024250 
0.180904 69.025343 192.176093 1.024331 
0.180871 69.018240 192.145665 1.024274 
0.180926 69.022328 192.127993 1.024261 
0.180736 69.023051 192.103794 1.024317 
0.181224 69.027621 192.067023 1.024483 
0.181103 69.032593 192.039494 1.024269 
0.180978 69.028962 192.009031 1.024129 
0.181181 69.031788 191.985374 1.024296 
0.181007 69.033743 191.954943 1.024335 
0.181164 69.035828 191.929781 1.024233 
0.180989 69.041698 191.903440 1.024433 
0.180960 69.048097 191.883433 1.024300 
0.181132 69.042783 191.849977 1.024189 
0.180917 69.046486 191.828182 1.024259 
0.180910 69.047700 191.802935 1.024342 
0.180874 69.054919 191.779800 1.024285 
0.180914 69.048932 191.756162 1.024226 
0.180813 69.052482 191.725375 1.024314 
0.180800 69.053743 191.693652 1.024306 
0.180690 69.055950 191.669162 1.024316 
0.180759 69.059574 191.644395 1.024195 
0.180901 69.060080 191.608991 1.024286 
0.180823 69.062771 191.588961 1.024393 
0.180870 69.056226 191.565971 1.024350 
0.180708 69.051140 191.533012 1.024457 
0.180824 69.053072 191.515581 1.024426 
0.180887 69.051891 191.494468 1.024399 
0.180731 69.051169 191.466689 1.024195 
0.180892 69.050904 191.448292 1.024192 
0.180803 69.047619 191.430632 1.024234 
0.180803 69.054625 191.400646 1.024415 
0.180732 69.051999 191.383919 1.024554 
0.180773 69.043312 191.359297 1.024372 
0.180920 69.047044 191.330043 1.024329 
0.180846 69.049361 191.308136 1.024175 
0.180669 69.045928 191.279930 1.024183 
0.180841 69.045623 191.262176 1.024462 
0.180773 69.040145 191.237401 1.024318 
0.180990 69.043266 191.217972 1.024342 
0.181002 69.041696 191.192109 1.024254 
0.180947 69.045156 191.164580 1.024134 
0.180964 69.038828 191.144087 1.024154 
0.181155 69.033644 191.123093 1.024207 
0.180558 69.036685 191.089202 1.024081 
0.180716 69.041078 191.072050 1.024339 
0.180579 69.042337 191.050860 1.024085 
0.180298 69.046722 191.021447 1.024185 
0.180419 69.037797 190.995709 1.024153 
0.180329 69.048607 190.975583 1.024194 
0.180263 69.044024 190.961692 1.024209 
0.180166 69.048422 190.932024 1.024236 
0.180316 69.049355 190.913626 1.024117 
0.179903 69.052404 190.892421 1.024038 
0.179792 69.047351 190.877065 1.024242 
0.180032 69.050878 190.858133 1.024268 
0.179917 69.053570 190.834180 1.024244 
0.179779 69.050198 190.817598 1.024092 
0.179648 69.054192 190.788969 1.024176 
0.179811 69.054330 190.771448 1.024190 
0.179761 69.056198 190.747436 1.024275 
0.179607 69.056718 190.726608 1.024255 
0.179817 69.056791 190.709758 1.024258 
0.179593 69.053992 190.689200 1.024296 
0.179565 69.052186 190.662210 1.024288 
0.179735 69.058099 190.645603 1.024168 
0.179317 69.061549 190.623652 1.024099 
0.179546 69.044879 190.610652 1.024198 
0.179525 69.048387 190.594828 1.024242 
0.179264 69.058118 190.575431 1.024050 
0.179456 69.054172 190.550448 1.024200 
0.179589 69.053662 190.538784 1.024150 
0.179484 69.042470 190.528291 1.024144 
0.179681 69.043372 190.496880 1.024113 
0.179795 69.048172 190.491411 1.024116 
0.179622 69.040309 190.467820 1.024099 
0.179665 69.046918 190.453208 1.024125 
0.179984 69.041633 190.437545 1.024186 
0.179925 69.047510 190.419177 1.024418 
0.179890 69.032708 190.395953 1.024340 
0.179686 69.036320 190.380118 1.024558 
0.179878 69.032336 190.355407 1.024383 
0.179800 69.041109 190.344471 1.024546 
0.179785 69.037599 190.323615 1.024325 
0.179712 69.045336 190.302991 1.024548 
0.179649 69.041312 190.286915 1.024240 
0.179676 69.034524 190.273019 1.024271 
0.179738 69.037850 190.254890 1.024398 
0.179786 69.041802 190.228048 1.024400 
0.179836 69.039461 190.226746 1.024564 
0.179786 69.038966 190.198972 1.024394 
0.179870 69.040141 190.188009 1.024225 
0.179930 69.038098 190.170081 1.024387 
0.179909 69.045151 190.158987 1.024330 
0.179709 69.039668 190.135154 1.024494 
0.179887 69.048310 190.119284 1.024399 
0.179815 69.046684 190.097842 1.024565 
0.179774 69.046294 190.079472 1.024365 
0.179593 69.041418 190.063628 1.024361 
0.179787 69.042637 190.048317 1.024474 
0.179631 69.041869 190.035789 1.024398 
0.179881 69.041546 190.018464 1.024366 
0.179534 69.044005 190.002789 1.024414 
0.179553 69.047940 189.989766 1.024404 
0.179648 69.036809 189.973682 1.024254 
0.179588 69.040696 189.951054 1.024511 
0.179657 69.045668 189.943604 1.024279 
0.179523 69.038516 189.920216 1.024301 
0.179748 69.043079 189.909906 1.024432 
0.179357 69.043944 189.890112 1.024186 
0.179436 69.037360 189.872687 1.024136 
0.179349 69.037935 189.858283 1.024099 
0.179316 69.036708 189.840927 1.024188 
0.179168 69.042698 189.822349 1.024295 
0.179084 69.042803 189.811683 1.024299 
0.179388 69.038043 189.794776 1.024284 
0.179164 69.037421 189.778827 1.024286 
0.179100 69.039224 189.768742 1.024330 
0.178943 69.035932 189.742184 1.024178 
0.178976 69.030435 189.729051 1.024330 
0.178915 69.037526 189.718826 1.024316 
0.178876 69.035170 189.701408 1.024282 
0.178983 69.037746 189.688414 1.024296 
0.178599 69.031612 189.673664 1.024282 
0.178767 69.035600 189.654626 1.024242 
0.178899 69.032264 189.645694 1.024244 
0.178862 69.023688 189.630349 1.024253 
0.178740 69.029820 189.615554 1.024352 
0.178530 69.029690 189.608397 1.024264 
0.178414 69.028107 189.592235 1.024250 
0.178591 69.025361 189.586410 1.024117 
