0.119704 67.800059 149.319894 1.024374 
0.199992 67.983437 193.941046 1.024345 
0.200054 67.979537 194.063760 1.024297 
0.200248 67.979002 194.177930 1.024191 
0.200330 67.988763 194.301697 1.024270 
0.200305 67.989373 194.423491 1.024297 
0.200442 67.991593 194.535112 1.024223 
0.200650 67.998893 194.661074 1.024349 
0.200597 67.996952 194.777511 1.024335 
0.200411 67.995554 194.889989 1.024127 
0.200499 67.989721 195.000150 1.024252 
0.200733 68.002374 195.115430 1.024177 
0.200701 68.003171 195.240077 1.024302 
0.200811 68.007188 195.340103 1.024081 
0.200922 68.006374 195.451010 1.024164 
0.200929 68.007108 195.565868 1.024011 
0.200909 68.010615 195.671179 1.024187 
0.200972 68.010207 195.777633 1.024212 
0.201152 68.013458 195.890913 1.024416 
0.201091 68.014667 196.003843 1.024118 
0.201391 68.004650 196.110405 1.024285 
0.201399 68.008759 196.226131 1.024263 
0.201475 68.011384 196.326182 1.024234 
0.201760 68.008026 196.430019 1.024130 
0.201590 68.011881 196.533906 1.024264 
0.201595 68.011056 196.640503 1.024377 
0.201527 68.012481 196.736853 1.024268 
0.201591 68.018754 196.840721 1.024468 
0.201851 68.018607 196.935700 1.024468 
0.201929 68.014884 197.035096 1.024160 
0.201799 68.013695 197.143251 1.024373 
0.201781 68.015621 197.236590 1.024295 
0.202078 68.016167 197.339331 1.024443 
0.202051 68.022639 197.439439 1.024334 
0.202189 68.027473 197.538864 1.024270 
0.202242 68.028269 197.635530 1.024544 
0.202277 68.025906 197.732558 1.024394 
0.202240 68.026857 197.832100 1.024417 
0.202713 68.031113 197.939394 1.024309 
0.202488 68.031699 198.030164 1.024540 
0.202513 68.034191 198.129540 1.024258 
0.202530 68.037850 198.222741 1.024358 
0.202727 68.027754 198.313819 1.024189 
0.202563 68.037614 198.410162 1.024220 
0.202649 68.043281 198.503356 1.024122 
0.202773 68.041733 198.594406 1.024351 
0.202771 68.043828 198.689029 1.024372 
0.202838 68.037689 198.767140 1.024337 
0.202593 68.038465 198.865628 1.024294 
0.202837 68.045783 198.956310 1.024195 
0.202891 68.044825 199.048679 1.024291 
0.202796 68.048086 199.136030 1.024367 
0.202884 68.044441 199.221587 1.024374 
0.203056 68.043703 199.309154 1.024381 
0.203234 68.048094 199.400808 1.024215 
0.202948 68.046573 199.492645 1.024290 
0.203140 68.051669 199.578861 1.024461 
0.203075 68.046003 199.656139 1.024316 
0.203106 68.049611 199.757428 1.024430 
0.203282 68.062747 199.830991 1.024467 
0.203278 68.061955 199.920135 1.024548 
0.203091 68.063257 200.006554 1.024306 
0.203175 68.065747 200.082189 1.024095 
0.203107 68.069880 200.165529 1.024160 
0.203286 68.080495 200.254447 1.024071 
0.203384 68.073884 200.337994 1.024093 
0.203439 68.085977 200.415364 1.024421 
0.203269 68.079588 200.499136 1.024243 
0.203385 68.089177 200.586614 1.024354 
0.203431 68.077093 200.667064 1.024303 
0.203396 68.084134 200.741596 1.024206 
0.203509 68.078885 200.831464 1.024229 
0.203826 68.083676 200.904990 1.024332 
0.203908 68.080536 200.990478 1.024428 
0.203749 68.087421 201.073433 1.024467 
0.203904 68.084275 201.149876 1.024184 
0.204091 68.089890 201.242327 1.024306 
0.204070 68.092676 201.321677 1.024317 
0.203922 68.088179 201.399772 1.024265 
0.204273 68.089345 201.477531 1.024138 
0.204362 68.088648 201.559560 1.024328 
0.204133 68.089622 201.643154 1.024221 
0.204115 68.089799 201.720329 1.024290 
0.204492 68.089968 201.807025 1.024275 
0.204379 68.087031 201.882728 1.024310 
0.204412 68.086227 201.963814 1.024253 
0.204655 68.092005 202.037915 1.024341 
0.204720 68.087097 202.115405 1.024331 
0.204672 68.087935 202.186175 1.024466 
0.204785 68.094607 202.261227 1.024272 
0.204918 68.092149 202.340557 1.024303 
0.204810 68.098128 202.408781 1.024303 
0.205081 68.093933 202.485357 1.024304 
0.204942 68.095974 202.563966 1.024345 
0.205023 68.094546 202.639747 1.024142 
0.204988 68.098013 202.719428 1.024302 
0.205269 68.091135 202.795769 1.024495 
0.204805 68.085796 202.865072 1.024389 
0.205071 68.099676 202.933394 1.024290 
0.204932 68.093590 203.010691 1.024249 
0.205230 68.098593 203.081066 1.024422 
0.205395 68.099440 203.145512 1.024517 
0.205134 68.097361 203.211589 1.024310 
0.205178 68.097245 203.287823 1.024385 
0.205184 68.101641 203.352076 1.024282 
0.205330 68.100798 203.413812 1.024314 
0.205224 68.106183 203.483118 1.024483 
0.205423 68.106992 203.561051 1.024442 
0.205416 68.109801 203.628803 1.024310 
0.205569 68.105725 203.695007 1.024426 
0.205376 68.109550 203.765279 1.024389 
0.205629 68.116690 203.838922 1.024469 
0.205635 68.103595 203.893285 1.024409 
0.205568 68.108619 203.961373 1.024249 
0.205554 68.116913 204.025162 1.024376 
0.205920 68.111987 204.091538 1.024313 
0.205712 68.118456 204.156161 1.024230 
0.205953 68.121214 204.221811 1.024349 
0.205692 68.121084 204.286685 1.024274 
0.205513 68.117614 204.351413 1.024537 
0.205894 68.122062 204.411191 1.024240 
0.205694 68.123899 204.483222 1.024354 
0.206092 68.119774 204.548890 1.024364 
0.205944 68.128079 204.608068 1.024443 
0.206175 68.120255 204.672690 1.024479 
0.205962 68.114979 204.745283 1.024279 
0.206185 68.121549 204.806395 1.024327 
0.206241 68.119514 204.871619 1.024311 
0.206283 68.119859 204.935907 1.024204 
0.206255 68.123303 204.999718 1.024323 
0.206265 68.121368 205.065849 1.024355 
0.206296 68.120030 205.131899 1.024364 
0.206179 68.118108 205.187559 1.024477 
0.206194 68.119806 205.253886 1.024258 
0.206068 68.119451 205.315239 1.024397 
0.205922 68.122532 205.381226 1.024405 
0.206186 68.118698 205.433141 1.024461 
0.206114 68.126161 205.500878 1.024524 
0.206011 68.117288 205.565259 1.024382 
0.206190 68.126853 205.620784 1.024170 
0.205973 68.128672 205.682784 1.024205 
0.206133 68.124799 205.744258 1.024128 
0.206132 68.125749 205.792052 1.024070 
0.206114 68.125170 205.865297 1.024229 
0.206162 68.131713 205.922372 1.024294 
0.206155 68.129879 205.979353 1.024679 
0.205847 68.129409 206.039319 1.024385 
0.206038 68.130172 206.104956 1.024481 
0.206040 68.131447 206.153258 1.024421 
0.206053 68.132673 206.206870 1.024407 
0.205954 68.131826 206.265980 1.024401 
0.205686 68.126763 206.327304 1.024321 
0.205869 68.133233 206.385641 1.024295 
0.205918 68.138948 206.445553 1.024275 
0.205768 68.139830 206.498404 1.024266 
0.205430 68.140745 206.547489 1.024330 
0.205763 68.142347 206.607740 1.024477 
0.205673 68.141350 206.670148 1.024417 
0.205288 68.147618 206.720899 1.024251 
0.205480 68.147972 206.774114 1.024215 
0.205453 68.141006 206.825183 1.024174 
0.205510 68.146616 206.883211 1.024283 
0.205539 68.151409 206.932172 1.024425 
0.205435 68.151872 206.986280 1.024322 
0.205644 68.153495 207.036446 1.024378 
0.205465 68.149877 207.088149 1.024232 
0.205385 68.142497 207.143251 1.024279 
0.205445 68.150801 207.198780 1.024407 
0.205550 68.149562 207.242967 1.024405 
0.205433 68.148068 207.300721 1.024396 
0.205434 68.154137 207.342460 1.024448 
0.205215 68.156986 207.395042 1.024426 
0.205421 68.163851 207.443353 1.024405 
0.205291 68.149411 207.489706 1.024363 
0.205194 68.157625 207.529358 1.024269 
0.205378 68.156184 207.581437 1.024203 
0.205257 68.154869 207.624069 1.024105 
0.205475 68.155191 207.671950 1.024262 
0.205418 68.159208 207.719511 1.024057 
0.205430 68.160970 207.756255 1.024074 
0.205366 68.164925 207.800287 1.024297 
0.205399 68.160141 207.855095 1.024356 
0.205562 68.166056 207.899278 1.024306 
0.205679 68.162232 207.940856 1.024345 
0.205263 68.165598 207.986815 1.024303 
0.205712 68.164415 208.026739 1.024337 
0.205420 68.156080 208.068032 1.024362 
0.205495 68.160742 208.114359 1.024385 
0.205633 68.156689 208.158700 1.024472 
0.205682 68.158883 208.207262 1.024446 
0.205843 68.166503 208.250682 1.024312 
0.205588 68.162473 208.293964 1.024237 
0.205660 68.170825 208.341974 1.024179 
0.205932 68.164143 208.379342 1.024295 
0.205833 68.158646 208.426206 1.024078 
0.206021 68.165926 208.472132 1.023994 
0.205884 68.170009 208.511905 1.024217 
0.205816 68.166997 208.555376 1.024347 
0.205978 68.178845 208.587946 1.024254 
0.206135 68.180243 208.636585 1.024343 
