0.140791 70.252523 185.341505 1.024332 
0.151633 70.208948 184.700411 1.024404 
0.152093 70.206187 184.815210 1.024298 
0.152023 70.212250 184.933392 1.024280 
0.152388 70.210778 185.034300 1.024379 
0.152882 70.213365 185.152149 1.024406 
0.152912 70.214737 185.262074 1.024330 
0.153113 70.216320 185.372747 1.024457 
0.153345 70.211692 185.478027 1.024338 
0.153776 70.215889 185.584982 1.024265 
0.153928 70.214950 185.700412 1.024377 
0.154265 70.222089 185.796448 1.024276 
0.154434 70.219694 185.912551 1.024090 
0.154587 70.228035 186.012863 1.024426 
0.154995 70.228587 186.111527 1.024310 
0.155103 70.222894 186.215190 1.024276 
0.155557 70.233032 186.313692 1.024355 
0.155955 70.238594 186.421543 1.024215 
0.155877 70.231718 186.520548 1.024126 
0.156375 70.242490 186.618202 1.024373 
0.156755 70.248690 186.715500 1.024495 
0.156672 70.246151 186.816514 1.024357 
0.156948 70.250252 186.917495 1.024181 
0.157197 70.253922 187.011030 1.024341 
0.157526 70.258406 187.115545 1.024265 
0.157567 70.261901 187.204936 1.024388 
0.157627 70.265401 187.303680 1.024184 
0.157649 70.264200 187.401775 1.024267 
0.157986 70.264873 187.509118 1.024245 
0.158039 70.269795 187.603543 1.024313 
0.158152 70.267250 187.694315 1.024364 
0.158256 70.262440 187.792169 1.024351 
0.158519 70.277632 187.888003 1.024239 
0.158626 70.280444 187.988975 1.024453 
0.158732 70.283117 188.078002 1.024521 
0.158936 70.279096 188.179675 1.024379 
0.159142 70.285982 188.274820 1.024370 
0.159526 70.299620 188.367334 1.024255 
0.159613 70.292225 188.457870 1.024332 
0.159908 70.300716 188.539827 1.024402 
0.160048 70.301395 188.634136 1.024340 
0.160092 70.307772 188.720899 1.024389 
0.160561 70.305616 188.812990 1.024408 
0.160552 70.310998 188.905473 1.024320 
0.161056 70.309236 188.985490 1.024298 
0.160985 70.316258 189.079007 1.024400 
0.161066 70.314184 189.162277 1.024416 
0.161267 70.328220 189.248844 1.024468 
0.161404 70.323364 189.329289 1.024295 
0.161607 70.320795 189.408858 1.024378 
0.161918 70.320023 189.499900 1.024437 
0.161648 70.323098 189.583296 1.024485 
0.162084 70.324501 189.657066 1.024224 
0.162127 70.321666 189.726827 1.024442 
0.162484 70.326605 189.803061 1.024387 
0.162620 70.323208 189.885681 1.024282 
0.162663 70.320315 189.971032 1.024223 
0.162894 70.319691 190.055340 1.024206 
0.163085 70.318337 190.131677 1.024232 
0.163231 70.316137 190.210594 1.024208 
0.163150 70.319223 190.291885 1.024117 
0.163641 70.319441 190.373488 1.024253 
0.163523 70.315957 190.451723 1.024423 
0.163924 70.316105 190.532509 1.024426 
0.164084 70.314046 190.607911 1.024312 
0.164197 70.308942 190.672947 1.024188 
0.164075 70.311307 190.756725 1.024397 
0.164286 70.302285 190.835496 1.024285 
0.164342 70.304816 190.907839 1.024286 
0.164608 70.302833 190.977230 1.024295 
0.164716 70.301409 191.038914 1.024289 
0.164654 70.299278 191.116876 1.024507 
0.164732 70.294086 191.181773 1.024355 
0.165068 70.293137 191.249468 1.024321 
0.164875 70.284275 191.320557 1.024548 
0.165232 70.286290 191.393761 1.024398 
0.165270 70.287096 191.454073 1.024387 
0.165475 70.289949 191.517542 1.024394 
0.165655 70.286438 191.575627 1.024572 
0.165788 70.281207 191.644868 1.024594 
0.165670 70.279118 191.711082 1.024243 
0.166029 70.277067 191.785315 1.024304 
0.165755 70.274937 191.844805 1.024256 
0.166035 70.274540 191.909765 1.024308 
0.165966 70.279387 191.968293 1.024338 
0.166187 70.276223 192.036140 1.024134 
0.166227 70.283131 192.083516 1.024351 
0.166281 70.273044 192.151031 1.024561 
0.166399 70.272637 192.202521 1.024421 
0.166609 70.273819 192.272208 1.024182 
0.166667 70.269964 192.326315 1.024365 
0.166884 70.268164 192.400474 1.024294 
0.166876 70.272225 192.460236 1.024343 
0.167119 70.275585 192.519699 1.024349 
0.167268 70.264795 192.572552 1.024293 
0.167504 70.258437 192.634710 1.024266 
0.167590 70.258594 192.695640 1.024267 
0.167590 70.254532 192.755124 1.024415 
0.167692 70.250840 192.813238 1.024542 
0.167925 70.251541 192.877026 1.024430 
0.167746 70.249482 192.937526 1.024422 
0.168010 70.252190 192.990849 1.024485 
0.168072 70.251981 193.030228 1.024480 
0.168099 70.246609 193.090235 1.024463 
0.168169 70.245643 193.148405 1.024452 
0.168459 70.249422 193.203331 1.024551 
0.168331 70.247080 193.250441 1.024323 
0.168462 70.240187 193.300413 1.024368 
0.168534 70.245459 193.360108 1.024332 
0.168634 70.245433 193.409723 1.024613 
0.168717 70.253384 193.457507 1.024369 
0.169141 70.247603 193.510301 1.024372 
0.169155 70.251106 193.557750 1.024242 
0.169430 70.245680 193.622853 1.024432 
0.169594 70.250649 193.668033 1.024375 
0.169648 70.246230 193.719439 1.024214 
0.169560 70.253362 193.763757 1.024228 
0.170084 70.246654 193.816032 1.024377 
0.169889 70.252133 193.867770 1.024422 
0.170011 70.257890 193.919649 1.024443 
0.170020 70.252718 193.965643 1.024355 
0.170242 70.258185 194.016508 1.024487 
0.170042 70.252879 194.065321 1.024310 
0.170244 70.257959 194.111658 1.024484 
0.170466 70.258385 194.164785 1.024367 
0.170373 70.269364 194.211260 1.024423 
0.170393 70.262168 194.263661 1.024353 
0.170502 70.261094 194.302052 1.024356 
0.170520 70.259198 194.349845 1.024602 
0.170595 70.258687 194.395218 1.024376 
0.170645 70.260514 194.436861 1.024522 
0.170683 70.261796 194.483401 1.024649 
0.170588 70.257936 194.523125 1.024567 
0.170771 70.255260 194.568211 1.024385 
0.170675 70.255020 194.609654 1.024548 
0.170813 70.254993 194.659802 1.024418 
0.170758 70.257955 194.694392 1.024362 
0.170541 70.256259 194.743431 1.024598 
0.170566 70.259480 194.787125 1.024534 
0.170774 70.256680 194.829476 1.024448 
0.170657 70.256981 194.876010 1.024463 
0.170560 70.257481 194.904968 1.024335 
0.170556 70.259342 194.951139 1.024397 
0.170565 70.261691 194.986006 1.024227 
0.170585 70.260809 195.034691 1.024396 
0.170677 70.263269 195.071634 1.024453 
0.170495 70.266196 195.098674 1.024490 
0.170435 70.258555 195.136687 1.024391 
0.170448 70.253164 195.178184 1.024346 
0.170387 70.254789 195.208689 1.024325 
0.170595 70.259440 195.253217 1.024379 
0.170425 70.259578 195.288500 1.024519 
0.170610 70.253714 195.332177 1.024467 
0.170411 70.257196 195.361202 1.024464 
0.170367 70.265447 195.397134 1.024422 
0.170262 70.261072 195.448034 1.024476 
0.170405 70.259119 195.486545 1.024244 
0.170280 70.260723 195.530314 1.024391 
0.170085 70.255492 195.563446 1.024494 
0.170346 70.260086 195.603978 1.024403 
0.170342 70.253838 195.644551 1.024419 
0.170237 70.249203 195.680450 1.024358 
0.170163 70.250801 195.723536 1.024373 
0.170312 70.254403 195.758242 1.024523 
0.170346 70.260322 195.800006 1.024764 
0.170514 70.254505 195.832940 1.024486 
0.170443 70.263655 195.880745 1.024401 
0.170685 70.255082 195.915796 1.024410 
0.170490 70.250712 195.948690 1.024561 
0.170715 70.261739 195.986506 1.024425 
0.170778 70.259443 196.030559 1.024552 
0.170820 70.257189 196.065688 1.024346 
0.170803 70.256100 196.102336 1.024464 
0.170812 70.262543 196.145195 1.024463 
0.171157 70.264656 196.178279 1.024559 
0.171074 70.257627 196.219634 1.024572 
0.170940 70.265549 196.253908 1.024426 
0.171207 70.271424 196.295616 1.024406 
0.171143 70.269367 196.339212 1.024520 
0.171320 70.267861 196.379942 1.024684 
0.171600 70.267001 196.418743 1.024704 
0.171512 70.263738 196.452368 1.024533 
0.171728 70.264694 196.490267 1.024773 
0.171729 70.277333 196.524565 1.024406 
0.171800 70.272201 196.561714 1.024520 
0.171902 70.268603 196.606444 1.024327 
0.171998 70.279110 196.645327 1.024371 
0.171916 70.272890 196.683411 1.024461 
0.172106 70.273783 196.726417 1.024356 
0.171883 70.275086 196.760869 1.024454 
0.172332 70.274060 196.795132 1.024556 
0.172294 70.281934 196.828495 1.024360 
0.172198 70.273260 196.862244 1.024365 
0.172253 70.284294 196.901838 1.024115 
0.172120 70.280151 196.929655 1.024307 
0.172322 70.281183 196.971421 1.024297 
0.172115 70.279038 197.002742 1.024378 
0.172301 70.285756 197.036805 1.024320 
0.172098 70.280428 197.072519 1.024347 
0.172086 70.276513 197.100933 1.024376 
