0.156468 66.038682 159.294978 1.024159 
0.167534 66.219166 169.968039 1.024344 
0.167311 66.215791 170.078983 1.024332 
0.167664 66.222676 170.175074 1.024131 
0.167921 66.227329 170.281614 1.024172 
0.168003 66.217804 170.372501 1.024282 
0.167898 66.218531 170.472211 1.024123 
0.168514 66.223430 170.565142 1.024096 
0.168481 66.225251 170.657107 1.023892 
0.168469 66.227140 170.753245 1.023945 
0.168704 66.225840 170.851158 1.024028 
0.168742 66.228102 170.940973 1.024139 
0.168995 66.228821 171.039815 1.024302 
0.169054 66.230259 171.123563 1.024197 
0.169120 66.232669 171.216050 1.024128 
0.169092 66.231099 171.310545 1.024417 
0.169281 66.235498 171.392129 1.024171 
0.169541 66.239861 171.494941 1.024027 
0.169569 66.238511 171.575615 1.024146 
0.169671 66.231975 171.659659 1.024212 
0.169682 66.240324 171.749170 1.023952 
0.169665 66.242202 171.835369 1.024022 
0.169803 66.238968 171.926953 1.023995 
0.169911 66.237331 172.019112 1.024188 
0.169930 66.237183 172.095159 1.024068 
0.170040 66.239470 172.184510 1.024226 
0.169967 66.237095 172.278311 1.024157 
0.170153 66.237598 172.364726 1.024024 
0.170472 66.234217 172.443908 1.024267 
0.170477 66.234564 172.541114 1.024179 
0.170681 66.234785 172.629526 1.024019 
0.170773 66.235942 172.714265 1.024013 
0.170540 66.234700 172.808475 1.024163 
0.170611 66.232653 172.892915 1.024248 
0.170804 66.228503 172.979296 1.024204 
0.170948 66.226524 173.069224 1.024178 
0.170710 66.224697 173.149397 1.024048 
0.170909 66.232236 173.236891 1.024125 
0.170693 66.226178 173.324328 1.024232 
0.171155 66.232321 173.408447 1.024155 
0.170991 66.225273 173.493182 1.024148 
0.171138 66.222610 173.588200 1.024355 
0.171332 66.227010 173.663178 1.024098 
0.171429 66.223655 173.750149 1.024179 
0.171812 66.222237 173.837112 1.024172 
0.171656 66.221342 173.923495 1.023980 
0.171759 66.225993 174.009051 1.024259 
0.171838 66.218403 174.083708 1.024156 
0.171919 66.223983 174.172321 1.024122 
0.172115 66.234014 174.252149 1.024259 
0.172020 66.226207 174.335413 1.024298 
0.172177 66.224072 174.417918 1.024275 
0.172087 66.220934 174.492676 1.024230 
0.172422 66.222997 174.563864 1.024410 
0.172233 66.216355 174.650053 1.024264 
0.172602 66.220137 174.722939 1.024250 
0.172180 66.217210 174.802335 1.024180 
0.172644 66.220380 174.884458 1.024134 
0.172694 66.218032 174.957257 1.023939 
0.172844 66.218285 175.035942 1.024241 
0.172712 66.218945 175.111156 1.023931 
0.172842 66.228340 175.177001 1.024378 
0.172935 66.216093 175.258388 1.024043 
0.173300 66.220104 175.323527 1.024132 
0.173311 66.226084 175.404136 1.024125 
0.173405 66.219965 175.495434 1.024070 
0.173336 66.216416 175.569764 1.024285 
0.173420 66.217467 175.644971 1.024259 
0.173557 66.221915 175.726722 1.024031 
0.173790 66.218752 175.797206 1.024212 
0.173833 66.227888 175.871183 1.024177 
0.173923 66.226630 175.948881 1.024079 
0.174061 66.225094 176.026842 1.024329 
0.174054 66.227320 176.096237 1.024364 
0.173967 66.226274 176.173006 1.024386 
0.174253 66.228074 176.245324 1.024364 
0.174232 66.225341 176.321660 1.024329 
0.174423 66.226537 176.385322 1.024105 
0.174610 66.228237 176.458284 1.024279 
0.174822 66.235767 176.532520 1.024253 
0.174521 66.228558 176.603019 1.024284 
0.174795 66.232942 176.667614 1.024033 
0.174873 66.227839 176.749428 1.024267 
0.175195 66.233159 176.814024 1.024420 
0.175051 66.234432 176.881811 1.024328 
0.175030 66.233286 176.948554 1.024198 
0.175018 66.236496 177.006236 1.024194 
0.175074 66.235679 177.082524 1.024106 
0.175291 66.236106 177.152732 1.024230 
0.175181 66.247750 177.219227 1.024137 
0.175467 66.238649 177.280182 1.024069 
0.175352 66.241192 177.348160 1.024268 
0.175317 66.238951 177.412486 1.024270 
0.175327 66.241168 177.475942 1.024222 
0.175585 66.239960 177.543835 1.024140 
0.175672 66.236198 177.607142 1.024155 
0.175511 66.238442 177.673362 1.024103 
0.175560 66.238779 177.728939 1.024157 
0.175909 66.244554 177.789693 1.024238 
0.175812 66.241121 177.853581 1.024293 
0.176049 66.249007 177.913818 1.024237 
0.175893 66.238903 177.971373 1.024119 
0.175923 66.241788 178.031241 1.024239 
0.175910 66.242503 178.097442 1.024216 
0.176192 66.251958 178.146266 1.024240 
0.176077 66.238109 178.204013 1.024220 
0.176045 66.240456 178.268132 1.024248 
0.176189 66.248384 178.331466 1.024295 
0.175871 66.241661 178.379058 1.024261 
0.176354 66.241855 178.440291 1.024167 
0.176126 66.244069 178.501003 1.024409 
0.176239 66.253658 178.555911 1.024268 
0.176273 66.248245 178.617425 1.024238 
0.176385 66.249579 178.669980 1.024268 
0.176485 66.248666 178.727568 1.024295 
0.176533 66.244247 178.775783 1.024176 
0.176653 66.250323 178.830067 1.024245 
0.176575 66.256318 178.894432 1.024229 
0.176766 66.247123 178.947121 1.024364 
0.176774 66.247795 179.002194 1.024190 
0.177069 66.246879 179.052421 1.024145 
0.176643 66.245842 179.106097 1.024124 
0.176940 66.258400 179.154509 1.024299 
0.176903 66.259688 179.211622 1.024446 
0.177205 66.255235 179.266955 1.024353 
0.177054 66.263751 179.324855 1.024202 
0.177126 66.265423 179.377179 1.024148 
0.177206 66.267614 179.437025 1.024257 
0.177358 66.261258 179.493020 1.024083 
0.177251 66.272990 179.543639 1.024127 
0.177077 66.267545 179.602625 1.024332 
0.177376 66.267558 179.658986 1.024276 
0.177427 66.267410 179.709924 1.024263 
0.177796 66.270062 179.768233 1.024365 
0.177677 66.274823 179.831372 1.024304 
0.177824 66.274353 179.888926 1.024250 
0.177867 66.268367 179.938294 1.024378 
0.178050 66.275462 179.995982 1.024393 
0.177866 66.274415 180.057746 1.024248 
0.178204 66.277429 180.104026 1.024293 
0.177898 66.277337 180.167685 1.024238 
0.178351 66.272750 180.207810 1.024241 
0.178199 66.277979 180.277068 1.024249 
0.178271 66.273720 180.320825 1.024401 
0.178185 66.282107 180.378823 1.024333 
0.178444 66.283721 180.432491 1.024317 
0.178461 66.278220 180.474227 1.024249 
0.178327 66.287037 180.526401 1.024328 
0.178542 66.288028 180.576747 1.024193 
0.178766 66.286964 180.633987 1.024181 
0.178413 66.278001 180.682730 1.024292 
0.178679 66.283861 180.725201 1.024195 
0.178690 66.287818 180.775608 1.024237 
0.179115 66.285621 180.829048 1.024020 
0.178887 66.293833 180.868991 1.024049 
0.178743 66.290441 180.919755 1.024118 
0.178867 66.295868 180.971689 1.024323 
0.178987 66.289557 181.017951 1.024367 
0.178954 66.294997 181.059210 1.024205 
0.178912 66.303636 181.100345 1.024277 
0.179247 66.306694 181.148123 1.024190 
0.179132 66.309706 181.196053 1.023982 
0.179053 66.308117 181.238264 1.024077 
0.178951 66.312319 181.289346 1.024083 
0.178926 66.319922 181.337121 1.024124 
0.179138 66.317744 181.384722 1.024162 
0.178949 66.318299 181.431120 1.024135 
0.178981 66.316464 181.468303 1.024011 
0.179020 66.317137 181.517115 1.024155 
0.178872 66.321069 181.561926 1.024162 
0.178721 66.318785 181.611196 1.024141 
0.178926 66.325916 181.659216 1.024259 
0.179004 66.318445 181.703240 1.024293 
0.178763 66.327052 181.750254 1.024185 
0.178833 66.325250 181.794199 1.024466 
0.178728 66.324463 181.836974 1.024222 
0.178629 66.324710 181.880027 1.024164 
0.178648 66.322316 181.933236 1.024347 
0.178381 66.326094 181.971392 1.024210 
0.178490 66.327178 182.022834 1.024215 
0.178252 66.326019 182.052854 1.024255 
0.178442 66.324144 182.098122 1.024286 
0.178363 66.331177 182.138366 1.024163 
0.178367 66.326566 182.178373 1.024307 
0.178159 66.325603 182.218867 1.024228 
0.178112 66.319339 182.261001 1.024311 
0.177982 66.323449 182.296265 1.024186 
0.178197 66.323526 182.328964 1.024086 
0.178063 66.331448 182.373743 1.024156 
0.178071 66.326862 182.414479 1.024295 
0.177807 66.327484 182.445478 1.024155 
0.178047 66.329731 182.485915 1.024164 
0.177850 66.333442 182.518983 1.024292 
0.178018 66.338289 182.553792 1.024207 
0.177699 66.338024 182.587819 1.024239 
0.177504 66.345123 182.627607 1.024188 
0.177679 66.337276 182.662748 1.024234 
0.177706 66.340575 182.687784 1.024169 
0.177815 66.344801 182.727202 1.024077 
0.177638 66.344293 182.752421 1.024278 
