0.133270 70.540683 171.659658 1.024306 
0.132953 70.542578 171.519274 1.024439 
0.132995 70.544760 171.383674 1.024506 
0.132725 70.542094 171.249776 1.024253 
0.132635 70.540774 171.118644 1.024308 
0.132459 70.542732 170.985109 1.024294 
0.132173 70.544161 170.851685 1.024364 
0.132055 70.542401 170.716363 1.024359 
0.131929 70.535542 170.591934 1.024283 
0.131817 70.547231 170.460526 1.024435 
0.131767 70.543790 170.327850 1.024340 
0.131218 70.548062 170.194480 1.024448 
0.131183 70.549178 170.070788 1.024409 
0.131113 70.546375 169.942617 1.024519 
0.130873 70.548177 169.811275 1.024560 
0.130836 70.547085 169.692995 1.024357 
0.130539 70.548963 169.554152 1.024442 
0.130606 70.542744 169.427633 1.024399 
0.130532 70.547218 169.304243 1.024352 
0.130244 70.554625 169.177572 1.024432 
0.130339 70.551258 169.046038 1.024555 
0.130242 70.540668 168.927276 1.024425 
0.130112 70.545870 168.800308 1.024424 
0.129941 70.547231 168.680037 1.024228 
0.130150 70.554491 168.544177 1.024349 
0.129898 70.552410 168.428959 1.024336 
0.129862 70.554109 168.301792 1.024306 
0.129744 70.555173 168.180211 1.024206 
0.129458 70.554883 168.059886 1.024204 
0.129648 70.553188 167.933998 1.024367 
0.129503 70.553783 167.817428 1.024301 
0.129677 70.555363 167.691847 1.024420 
0.129223 70.554400 167.571622 1.024536 
0.129247 70.552104 167.447644 1.024517 
0.129080 70.558911 167.333233 1.024373 
0.128861 70.560606 167.217743 1.024327 
0.129200 70.561944 167.104548 1.024454 
0.128887 70.564283 166.988947 1.024387 
0.129150 70.568602 166.869177 1.024441 
0.128881 70.557111 166.751936 1.024430 
0.128806 70.566937 166.642848 1.024395 
0.128869 70.560880 166.528508 1.024463 
0.128881 70.564826 166.417913 1.024303 
0.128678 70.565588 166.304173 1.024324 
0.128860 70.573631 166.199836 1.024324 
0.128729 70.575854 166.088832 1.024378 
0.128869 70.575490 165.979030 1.024558 
0.128837 70.575584 165.869051 1.024444 
0.128848 70.578307 165.770633 1.024356 
0.128677 70.580629 165.653915 1.024444 
0.128782 70.581325 165.547856 1.024458 
0.128524 70.587004 165.435617 1.024263 
0.128411 70.588115 165.329281 1.024648 
0.128473 70.587249 165.223545 1.024646 
0.128525 70.589074 165.123203 1.024596 
0.128273 70.588655 165.020760 1.024466 
0.128130 70.596935 164.910547 1.024349 
0.128222 70.600497 164.807890 1.024179 
0.128313 70.598334 164.702410 1.024502 
0.128057 70.598931 164.603490 1.024433 
0.128164 70.590438 164.498357 1.024106 
0.128157 70.599667 164.399903 1.024062 
0.127979 70.607876 164.298401 1.024127 
0.127893 70.604397 164.192917 1.024259 
0.127910 70.610828 164.088737 1.024135 
0.127914 70.612908 163.998708 1.024241 
0.127760 70.615237 163.900651 1.024432 
0.127663 70.618401 163.802956 1.024543 
0.127615 70.614821 163.703197 1.024461 
0.127578 70.622497 163.607443 1.024262 
0.127562 70.627712 163.508359 1.024295 
0.127333 70.624298 163.403605 1.024346 
0.127451 70.621404 163.308638 1.024483 
0.127384 70.624461 163.210080 1.024220 
0.127258 70.626783 163.123090 1.024416 
0.127500 70.625064 163.017419 1.024368 
0.127110 70.624858 162.925802 1.024412 
0.127265 70.631175 162.845925 1.024344 
0.127197 70.618617 162.745029 1.024201 
0.127347 70.632006 162.661797 1.024240 
0.127289 70.627238 162.572674 1.024389 
0.127202 70.625901 162.483208 1.024368 
0.127192 70.631245 162.397189 1.024327 
0.127281 70.638776 162.304174 1.024346 
0.127218 70.634066 162.217699 1.024330 
0.127375 70.628749 162.137175 1.024335 
0.126926 70.629504 162.051949 1.024268 
0.127141 70.626520 161.956697 1.024323 
0.126976 70.635624 161.878320 1.024317 
0.126987 70.625072 161.781985 1.024262 
0.126749 70.634493 161.699274 1.024409 
0.126748 70.638554 161.610818 1.024260 
0.126637 70.629692 161.527047 1.024468 
0.126510 70.634828 161.444715 1.024338 
0.126592 70.643536 161.360121 1.024283 
0.126670 70.641752 161.277430 1.024432 
0.126411 70.646766 161.184550 1.024438 
0.126363 70.644441 161.102638 1.024507 
0.126515 70.645344 161.019013 1.024271 
0.126406 70.644396 160.933889 1.024435 
0.126503 70.647140 160.853131 1.024385 
0.126167 70.655261 160.778435 1.024532 
0.126130 70.657365 160.692514 1.024133 
0.126199 70.652649 160.616468 1.024325 
0.126265 70.651747 160.540011 1.024432 
0.126159 70.650976 160.459851 1.024430 
0.126126 70.651098 160.373515 1.024384 
0.126284 70.655058 160.303350 1.024441 
0.126062 70.657846 160.223437 1.024350 
0.125864 70.645752 160.149541 1.024382 
0.125694 70.653880 160.067405 1.024371 
0.125906 70.651456 159.993026 1.024384 
0.126032 70.656422 159.921115 1.024338 
0.125853 70.655662 159.849566 1.024407 
0.125977 70.651658 159.778689 1.024377 
0.125927 70.656299 159.699395 1.024483 
0.126022 70.657024 159.634911 1.024446 
0.126046 70.655854 159.559661 1.024359 
0.125790 70.654427 159.486871 1.024417 
0.126012 70.651808 159.417675 1.024388 
0.125916 70.658402 159.350642 1.024245 
0.125667 70.651254 159.285985 1.024519 
0.125989 70.653030 159.211847 1.024459 
0.125805 70.647269 159.151172 1.024355 
0.125686 70.653797 159.072355 1.024525 
0.125921 70.653473 159.013172 1.024485 
0.125718 70.651149 158.945566 1.024336 
0.125485 70.649235 158.878956 1.024342 
0.125600 70.647316 158.820317 1.024412 
0.125831 70.648696 158.746084 1.024573 
0.125486 70.649991 158.678423 1.024324 
0.125529 70.645515 158.614295 1.024372 
0.125876 70.650462 158.560232 1.024325 
0.125486 70.651058 158.488259 1.024289 
0.125655 70.642859 158.422676 1.024407 
0.125680 70.640652 158.354957 1.024270 
0.125700 70.648628 158.293682 1.024383 
0.125853 70.647623 158.220780 1.024431 
0.125696 70.649759 158.163844 1.024334 
0.125568 70.643151 158.086776 1.024199 
0.125963 70.650784 158.030359 1.024175 
0.125755 70.648618 157.957612 1.024453 
0.126084 70.648811 157.899460 1.024195 
0.125819 70.659940 157.833180 1.024437 
0.125816 70.651709 157.773976 1.024251 
0.125834 70.653342 157.713628 1.024489 
0.125978 70.650867 157.638451 1.024359 
0.126016 70.647735 157.575687 1.024182 
0.125936 70.651245 157.517191 1.024378 
0.125898 70.649194 157.453131 1.024227 
0.126209 70.650225 157.399976 1.024284 
0.126115 70.645049 157.336181 1.024404 
0.126181 70.651175 157.274878 1.024532 
0.126158 70.645048 157.225825 1.024361 
0.126115 70.649716 157.162460 1.024282 
0.126226 70.643587 157.094703 1.024452 
0.126029 70.645775 157.036844 1.024417 
0.126235 70.648885 156.987729 1.024273 
0.126251 70.643309 156.913868 1.024215 
0.126206 70.651135 156.857947 1.024353 
0.126273 70.654290 156.797383 1.024352 
0.126264 70.653042 156.733811 1.024328 
0.126135 70.641678 156.670365 1.024264 
0.126198 70.644090 156.615251 1.024241 
0.126589 70.648534 156.542445 1.024264 
0.126414 70.649523 156.483241 1.024461 
0.126528 70.648515 156.427453 1.024475 
0.126218 70.643727 156.367766 1.024447 
0.126596 70.642860 156.308114 1.024330 
0.126412 70.648274 156.252271 1.024498 
0.126383 70.630800 156.193571 1.024374 
0.126589 70.638068 156.138804 1.024410 
0.126706 70.643370 156.072219 1.024226 
0.126758 70.641627 156.012110 1.024222 
0.126373 70.645722 155.966674 1.024410 
0.126650 70.633265 155.898880 1.024332 
0.126499 70.633572 155.842956 1.024250 
0.126565 70.634430 155.790848 1.024348 
0.126562 70.632418 155.737271 1.024298 
0.126588 70.631235 155.680360 1.024176 
0.126478 70.629845 155.617522 1.024251 
0.126714 70.630124 155.563627 1.024296 
0.126717 70.632593 155.520846 1.024366 
0.126744 70.628659 155.456329 1.024462 
0.126487 70.628522 155.406221 1.024513 
0.126735 70.631370 155.350186 1.024431 
0.126715 70.633571 155.309421 1.024417 
0.126711 70.634654 155.252972 1.024549 
0.126668 70.628098 155.205133 1.024394 
0.126839 70.622359 155.157556 1.024396 
0.126909 70.622894 155.106157 1.024447 
0.127018 70.619565 155.058093 1.024203 
0.126769 70.627663 155.005202 1.024295 
0.127065 70.621021 154.964244 1.024220 
0.126962 70.612829 154.904790 1.024372 
0.126976 70.616078 154.857454 1.024307 
0.126886 70.606346 154.820828 1.024351 
0.126952 70.600514 154.758738 1.024414 
0.126768 70.601019 154.713124 1.024292 
0.126798 70.601078 154.667680 1.024132 
