0.202864 74.702211 206.409042 1.036677 
0.134544 71.038173 164.047921 1.036132 
0.134498 71.033660 164.039745 1.036308 
0.134493 71.033781 164.029067 1.036162 
0.134726 71.034527 164.012262 1.036427 
0.134596 71.033039 164.011263 1.036325 
0.134406 71.031950 164.009362 1.036392 
0.134427 71.024078 163.982197 1.036345 
0.134551 71.019502 163.978539 1.036370 
0.134373 71.030492 163.977790 1.036386 
0.134646 71.025368 163.964965 1.036327 
0.134300 71.018059 163.958466 1.036373 
0.134273 71.027166 163.962952 1.036272 
0.134354 71.026257 163.949886 1.036436 
0.134437 71.034160 163.946472 1.036299 
0.134282 71.029079 163.942880 1.036489 
0.134370 71.019919 163.942365 1.036311 
0.134385 71.020371 163.934342 1.036229 
0.134265 71.020943 163.925650 1.036221 
0.134298 71.031838 163.923718 1.036283 
0.134257 71.036082 163.925523 1.036405 
0.134085 71.038088 163.924570 1.036393 
0.134223 71.043540 163.923245 1.036396 
0.134263 71.037542 163.916666 1.036536 
0.133932 71.035993 163.911916 1.036260 
0.134248 71.040895 163.909215 1.036390 
0.134194 71.038431 163.903617 1.036147 
0.134062 71.044467 163.904441 1.036294 
0.133974 71.047549 163.904799 1.036222 
0.134125 71.033887 163.902354 1.036147 
0.134114 71.040608 163.899513 1.036343 
0.134148 71.042903 163.901853 1.036302 
0.134082 71.044218 163.898781 1.036393 
0.134291 71.051061 163.897065 1.036396 
0.133985 71.051890 163.899617 1.036199 
0.134148 71.051394 163.892302 1.036336 
0.134208 71.044457 163.896216 1.036234 
0.134090 71.044968 163.886992 1.036366 
0.134144 71.052573 163.890653 1.036386 
0.133990 71.046599 163.893164 1.036470 
0.134345 71.045134 163.884957 1.036377 
0.133955 71.044099 163.894096 1.036302 
0.133977 71.045690 163.895474 1.036248 
0.134291 71.050275 163.889838 1.036472 
0.133946 71.041074 163.893917 1.036319 
0.134020 71.035577 163.877783 1.036330 
0.134093 71.043978 163.890816 1.036326 
0.134079 71.048339 163.891238 1.036350 
0.134049 71.053241 163.892456 1.036481 
0.134047 71.058265 163.897579 1.036319 
0.134003 71.048670 163.900099 1.036170 
0.134065 71.046278 163.900902 1.036335 
0.133935 71.051902 163.909208 1.036357 
0.133978 71.054943 163.905637 1.036322 
0.133959 71.053202 163.910383 1.036335 
0.133964 71.046691 163.914752 1.036302 
0.134234 71.048466 163.921719 1.036408 
0.134087 71.056502 163.922131 1.036425 
0.133963 71.050403 163.922521 1.036433 
0.134047 71.053965 163.926840 1.036491 
0.134100 71.045735 163.914345 1.036384 
0.134165 71.051484 163.925283 1.036365 
0.134068 71.051365 163.920678 1.036340 
0.134166 71.051194 163.923743 1.036283 
0.134248 71.050721 163.928896 1.036322 
0.134119 71.047695 163.920232 1.036291 
0.134077 71.052457 163.919466 1.036424 
0.134168 71.051784 163.916531 1.036461 
0.134283 71.043410 163.912804 1.036452 
0.134028 71.044198 163.913980 1.036394 
0.134201 71.051363 163.918329 1.036351 
0.134247 71.047541 163.908625 1.036488 
0.134211 71.048739 163.907565 1.036426 
0.134284 71.052295 163.900776 1.036394 
0.134232 71.054131 163.904594 1.036345 
0.134309 71.058371 163.904765 1.036223 
0.134278 71.053205 163.902690 1.036307 
0.134363 71.060921 163.905779 1.036289 
0.134327 71.057254 163.899373 1.036134 
0.134205 71.065153 163.896755 1.036099 
0.134171 71.052733 163.888784 1.036124 
0.134317 71.060692 163.899705 1.036113 
0.134437 71.063934 163.894422 1.036220 
0.134271 71.065210 163.894615 1.036070 
0.134581 71.065991 163.894530 1.036194 
0.134400 71.059708 163.886471 1.036268 
0.134383 71.068383 163.887168 1.036216 
0.134486 71.071456 163.894390 1.036163 
0.134403 71.068151 163.888471 1.036089 
0.134402 71.069022 163.876900 1.036031 
0.134553 71.067225 163.872230 1.036212 
0.134416 71.078871 163.874121 1.036133 
0.134494 71.082589 163.865711 1.036085 
0.134444 71.083397 163.871706 1.036269 
0.134497 71.074453 163.854258 1.036186 
0.134410 71.064984 163.851742 1.036315 
0.134378 71.062154 163.837318 1.036159 
0.134402 71.061783 163.836591 1.036395 
0.134417 71.068106 163.830546 1.036327 
0.134610 71.074136 163.837370 1.036220 
0.134548 71.073152 163.837154 1.036451 
0.134424 71.077231 163.837832 1.036383 
0.134441 71.076752 163.841434 1.036435 
0.134470 71.085216 163.840866 1.036417 
0.134284 71.078162 163.840708 1.036178 
0.134457 71.065583 163.846105 1.036349 
0.134329 71.067468 163.834915 1.036310 
0.134583 71.082325 163.835709 1.036433 
0.134527 71.076053 163.834301 1.036273 
0.134547 71.071348 163.826906 1.036452 
0.134520 71.067355 163.824976 1.036286 
0.134730 71.067683 163.828561 1.036321 
0.134766 71.077538 163.823433 1.036242 
0.134816 71.071171 163.818177 1.036377 
0.134688 71.070516 163.822611 1.036481 
0.134991 71.067959 163.810084 1.036292 
0.134894 71.073666 163.812116 1.036318 
0.134989 71.049774 163.810597 1.036472 
0.135003 71.060105 163.811490 1.036485 
0.135088 71.055384 163.798571 1.036355 
0.135237 71.053718 163.814883 1.036442 
0.135334 71.057582 163.806790 1.036419 
0.135229 71.063659 163.811149 1.036169 
0.135573 71.048819 163.797547 1.036247 
0.135471 71.043076 163.787678 1.036257 
0.135460 71.050099 163.794506 1.036256 
0.135526 71.054849 163.788593 1.036146 
0.135600 71.049991 163.780775 1.036247 
0.135830 71.054224 163.772393 1.036008 
0.135556 71.052228 163.760665 1.036102 
0.135873 71.052355 163.758096 1.036302 
0.136107 71.045575 163.754238 1.036463 
0.135817 71.038446 163.741914 1.036478 
0.135825 71.044265 163.730385 1.036415 
0.135837 71.038043 163.729902 1.036262 
0.135997 71.037607 163.720025 1.036398 
0.135769 71.038209 163.710667 1.036185 
0.136031 71.042046 163.709746 1.036304 
0.135937 71.025924 163.710143 1.036280 
0.135973 71.037344 163.710488 1.036186 
0.136155 71.032805 163.708251 1.036261 
0.136054 71.033261 163.707813 1.036096 
0.136071 71.029643 163.706924 1.036259 
0.136257 71.033636 163.695349 1.036446 
0.136058 71.023496 163.686810 1.036269 
0.136096 71.028342 163.689612 1.036435 
0.136016 71.025915 163.689366 1.036296 
0.135869 71.026838 163.678922 1.036283 
0.136008 71.022241 163.677567 1.036503 
0.136110 71.025807 163.677471 1.036434 
0.135954 71.019989 163.665525 1.036327 
0.135826 71.020673 163.656999 1.036459 
0.135800 71.015697 163.657628 1.036344 
0.135900 71.011954 163.644319 1.036403 
0.135729 71.008439 163.632470 1.036168 
0.135491 71.013440 163.639712 1.036284 
0.135482 71.011667 163.625218 1.036160 
0.135646 71.005036 163.628092 1.036169 
0.135360 71.009040 163.609536 1.036189 
0.135492 71.015373 163.600889 1.036134 
0.135356 71.010957 163.604788 1.036210 
0.135070 71.005252 163.597269 1.036393 
0.135320 71.001031 163.592357 1.036264 
0.135270 70.998396 163.597845 1.036398 
0.134913 70.998625 163.598780 1.036323 
0.135006 70.996547 163.596300 1.036493 
0.134863 71.000568 163.598968 1.036413 
0.135037 71.002144 163.591634 1.036156 
0.134939 70.998891 163.596839 1.036388 
0.134906 70.994299 163.594357 1.036313 
0.134964 70.999454 163.593881 1.036518 
0.134796 71.008149 163.589165 1.036418 
0.134759 71.008886 163.587036 1.036495 
0.134868 71.012689 163.587671 1.036264 
0.134849 71.014538 163.584309 1.036037 
0.134659 71.015697 163.578301 1.035962 
0.134979 71.014985 163.572624 1.036085 
0.134875 71.021146 163.576417 1.036132 
0.134988 71.011608 163.566407 1.036086 
0.135062 71.015487 163.556020 1.036201 
0.135077 71.020513 163.562046 1.036025 
0.134882 71.021239 163.555434 1.036255 
0.134926 71.032139 163.553392 1.036130 
0.134971 71.027715 163.555302 1.036287 
0.135172 71.027994 163.548746 1.036383 
0.135083 71.025655 163.541079 1.036243 
0.135206 71.029892 163.538546 1.036467 
0.135054 71.033771 163.549051 1.036467 
0.135178 71.043623 163.534561 1.036485 
0.135233 71.043806 163.537200 1.036164 
0.135358 71.047416 163.525917 1.036351 
0.135100 71.050330 163.527624 1.036419 
0.135212 71.045964 163.518534 1.036143 
0.135327 71.048672 163.515748 1.036311 
0.135243 71.061815 163.517054 1.036232 
0.135206 71.056923 163.507446 1.036051 
0.135170 71.060168 163.509527 1.036089 
0.135323 71.054258 163.500504 1.036537 
0.134945 71.067095 163.499841 1.036419 
0.135147 71.061507 163.493295 1.036244 
