0.135079 71.066491 163.483480 1.036238 
0.176912 71.092670 204.763405 1.036300 
0.176835 71.089259 204.811830 1.036338 
0.177011 71.091149 204.861208 1.036250 
0.176813 71.094450 204.916886 1.036355 
0.176658 71.093379 204.970781 1.036361 
0.176701 71.098902 205.023098 1.036324 
0.176638 71.096834 205.083771 1.036287 
0.176703 71.104841 205.138925 1.036335 
0.176905 71.102894 205.184206 1.036302 
0.176434 71.100105 205.240876 1.036389 
0.176468 71.099919 205.281443 1.036251 
0.176698 71.095842 205.337096 1.036202 
0.176477 71.103802 205.381679 1.036279 
0.176356 71.101024 205.424671 1.036374 
0.176290 71.106755 205.474981 1.036506 
0.176575 71.107600 205.525576 1.036417 
0.176248 71.105574 205.563930 1.036523 
0.176431 71.108117 205.613487 1.036275 
0.176639 71.109118 205.656035 1.036300 
0.176450 71.112742 205.706098 1.036277 
0.176436 71.111655 205.748411 1.036449 
0.176527 71.110388 205.786914 1.036304 
0.176365 71.106846 205.834835 1.036328 
0.176537 71.104439 205.880383 1.036080 
0.176394 71.104474 205.928156 1.036301 
0.176684 71.113165 205.964027 1.036377 
0.176617 71.117305 206.009140 1.036235 
0.176463 71.114101 206.059053 1.036534 
0.176564 71.115965 206.096337 1.036272 
0.176416 71.111969 206.156581 1.036142 
0.176612 71.119495 206.194586 1.036302 
0.176648 71.118409 206.240035 1.036347 
0.176549 71.120021 206.286073 1.036335 
0.176521 71.116869 206.331378 1.036305 
0.176423 71.120560 206.375195 1.036380 
0.176476 71.123522 206.414844 1.036244 
0.176496 71.123358 206.460732 1.036242 
0.176506 71.123173 206.523329 1.036333 
0.176586 71.133642 206.554180 1.036261 
0.176244 71.133104 206.597841 1.036326 
0.176562 71.133152 206.643558 1.036356 
0.176295 71.128855 206.682943 1.036194 
0.176626 71.129581 206.721809 1.036077 
0.176438 71.132064 206.770545 1.036419 
0.176362 71.132327 206.803967 1.036453 
0.176334 71.128803 206.846711 1.036309 
0.176513 71.135877 206.891977 1.036420 
0.176570 71.131697 206.929700 1.036478 
0.176282 71.129205 206.981492 1.036353 
0.176293 71.131592 207.023529 1.036223 
0.176415 71.133239 207.068578 1.036278 
0.176367 71.133581 207.117787 1.036364 
0.176405 71.136164 207.157894 1.036290 
0.176468 71.142280 207.207513 1.036194 
0.176442 71.138469 207.243605 1.036236 
0.176361 71.134463 207.284961 1.036326 
0.176392 71.139203 207.332526 1.036153 
0.176441 71.130662 207.371691 1.036073 
0.176617 71.129072 207.407385 1.036092 
0.176352 71.137383 207.444114 1.036110 
0.176362 71.138782 207.485429 1.036088 
0.175989 71.145107 207.514351 1.036118 
0.176482 71.137758 207.549082 1.036207 
0.176489 71.138688 207.600434 1.036129 
0.176327 71.140952 207.632983 1.036185 
0.176314 71.141408 207.671858 1.036278 
0.176387 71.138420 207.707022 1.036294 
0.176392 71.148282 207.750790 1.036186 
0.176571 71.150146 207.785512 1.036127 
0.176383 71.152338 207.829425 1.036278 
0.176600 71.147534 207.869913 1.036276 
0.176515 71.158456 207.909329 1.036346 
0.176634 71.161540 207.949349 1.036291 
0.176444 71.166208 207.977339 1.036366 
0.176632 71.156433 208.016118 1.036218 
0.176819 71.158094 208.055663 1.036438 
0.176823 71.167263 208.102679 1.036275 
0.176803 71.166852 208.133672 1.036261 
0.176787 71.161808 208.166914 1.036399 
0.177022 71.159376 208.214023 1.036349 
0.176985 71.161470 208.232790 1.036087 
0.177103 71.166018 208.270854 1.036256 
0.177252 71.162711 208.310049 1.036245 
0.176982 71.160251 208.336258 1.036174 
0.177249 71.166928 208.363416 1.036113 
0.177363 71.175621 208.399606 1.036357 
0.177368 71.166317 208.436448 1.036212 
0.177682 71.166274 208.471701 1.035928 
0.177365 71.170393 208.498100 1.036250 
0.177360 71.170831 208.533440 1.036356 
0.177440 71.168583 208.574793 1.036354 
0.177474 71.170643 208.590856 1.036378 
0.177658 71.167867 208.630277 1.036247 
0.177632 71.174871 208.661432 1.036259 
0.177935 71.172167 208.692507 1.036495 
0.177655 71.170869 208.725406 1.036465 
0.177875 71.175641 208.755981 1.036223 
0.177866 71.173235 208.786358 1.036248 
0.177996 71.170754 208.814465 1.036233 
0.178148 71.169619 208.846498 1.036334 
0.177920 71.165266 208.874435 1.036379 
0.178080 71.170113 208.913459 1.036463 
0.178071 71.166511 208.940662 1.036431 
0.178125 71.169425 208.981167 1.036407 
0.178363 71.171499 209.002321 1.036144 
0.178265 71.177578 209.028307 1.036245 
0.178314 71.170340 209.066479 1.036225 
0.178339 71.168215 209.095786 1.036401 
0.178170 71.165788 209.126235 1.036430 
0.178350 71.165132 209.154336 1.036375 
0.178332 71.166596 209.184458 1.036345 
0.178271 71.168090 209.207909 1.036292 
0.178471 71.166943 209.240329 1.036158 
0.178438 71.163531 209.263450 1.036232 
0.178207 71.163895 209.294404 1.036163 
0.178214 71.162164 209.322920 1.036060 
0.178426 71.163086 209.361088 1.036265 
0.178064 71.165662 209.392985 1.036383 
0.178279 71.159168 209.425445 1.036430 
0.178206 71.164653 209.454252 1.036318 
0.178400 71.156836 209.493420 1.036309 
0.178151 71.161587 209.521314 1.036388 
0.178360 71.165944 209.560808 1.036426 
0.178025 71.158578 209.588640 1.036208 
0.178168 71.168422 209.613981 1.036380 
0.178300 71.161104 209.647939 1.036286 
0.178172 71.162476 209.665978 1.036390 
0.177996 71.162676 209.690701 1.036484 
0.178066 71.160947 209.713814 1.036341 
0.178291 71.161739 209.740651 1.036294 
0.178051 71.160957 209.767923 1.036419 
0.177883 71.165616 209.789837 1.036037 
0.178107 71.157412 209.815155 1.036356 
0.178075 71.161068 209.831888 1.036278 
0.178233 71.154861 209.857791 1.036164 
0.177858 71.167956 209.879582 1.036037 
0.177853 71.158967 209.906071 1.036167 
0.177880 71.165303 209.939480 1.036233 
0.177963 71.154589 209.962687 1.036337 
0.178062 71.153726 209.988508 1.036290 
0.178019 71.153150 210.015190 1.036111 
0.177851 71.156453 210.038005 1.036227 
0.177908 71.161019 210.064089 1.036367 
0.177956 71.157583 210.091098 1.036457 
0.177883 71.159199 210.116817 1.036380 
0.177955 71.157725 210.146602 1.036462 
0.177816 71.163152 210.166275 1.036344 
0.177808 71.161578 210.197019 1.036409 
0.177823 71.158905 210.211018 1.036381 
0.177963 71.164260 210.233408 1.036402 
0.177621 71.154602 210.262448 1.036407 
0.177947 71.155512 210.284295 1.036254 
0.177911 71.155279 210.300019 1.036283 
0.177714 71.157880 210.332483 1.036250 
0.177644 71.157414 210.358969 1.036059 
0.177386 71.151390 210.381063 1.036095 
0.177521 71.159571 210.396949 1.036171 
0.177572 71.155465 210.414044 1.036267 
0.177579 71.154686 210.432788 1.036175 
0.177595 71.157785 210.459844 1.036335 
0.177675 71.155539 210.476275 1.036401 
0.177674 71.153753 210.501312 1.036255 
0.177640 71.155468 210.517863 1.036234 
0.177529 71.150604 210.530574 1.036295 
0.177358 71.150191 210.560666 1.036285 
0.177542 71.152073 210.576186 1.036322 
0.177238 71.162319 210.605417 1.036154 
0.177541 71.166859 210.632443 1.036508 
0.177627 71.166450 210.641818 1.036353 
0.177792 71.163556 210.675714 1.036377 
0.177751 71.172690 210.688955 1.036189 
0.177562 71.167784 210.711063 1.036323 
0.177848 71.166239 210.738041 1.036236 
0.177680 71.171351 210.751615 1.036473 
0.177522 71.175555 210.777264 1.036304 
0.177613 71.167132 210.792323 1.036281 
0.177603 71.170192 210.812737 1.036358 
0.177774 71.172057 210.832437 1.036229 
0.177763 71.172376 210.853981 1.036106 
0.177804 71.168794 210.860287 1.036051 
0.177716 71.177544 210.878948 1.036232 
0.177590 71.173511 210.903823 1.036172 
0.177677 71.171806 210.929123 1.036220 
0.177615 71.176827 210.930919 1.036156 
0.177459 71.180982 210.955768 1.036386 
0.177656 71.178632 210.975307 1.036186 
0.177366 71.178311 210.991180 1.035984 
0.177275 71.174563 211.009492 1.036001 
0.177380 71.176084 211.028727 1.036138 
0.177427 71.175297 211.046780 1.036153 
0.177333 71.182184 211.074966 1.036294 
0.177412 71.182965 211.091920 1.036261 
0.177023 71.183585 211.109706 1.036281 
0.177040 71.177918 211.130815 1.036275 
0.177292 71.177624 211.146074 1.036320 
0.177114 71.179249 211.161687 1.036281 
0.176912 71.177281 211.183317 1.036236 
0.177125 71.175862 211.209410 1.036298 
0.176796 71.175694 211.228616 1.036265 
