0.130605 73.891136 162.167568 1.036134 
0.103436 74.062494 140.553520 1.036146 
0.103255 74.063316 140.465963 1.036047 
0.103026 74.074083 140.394012 1.036266 
0.102954 74.067903 140.303299 1.036298 
0.103279 74.062132 140.211934 1.036167 
0.102949 74.065066 140.125289 1.036237 
0.103038 74.062272 140.034716 1.036136 
0.102860 74.059639 139.956542 1.036104 
0.102705 74.061985 139.871393 1.036183 
0.102872 74.055950 139.792590 1.036066 
0.102750 74.054119 139.706010 1.036075 
0.102781 74.060986 139.628259 1.036103 
0.102575 74.059705 139.550814 1.036261 
0.102672 74.061151 139.468946 1.036142 
0.102805 74.059445 139.394885 1.036184 
0.102568 74.055835 139.316102 1.036194 
0.102453 74.060404 139.243440 1.036221 
0.102774 74.059155 139.166847 1.036062 
0.102434 74.063767 139.100593 1.036235 
0.102456 74.062893 139.017028 1.036240 
0.102521 74.063126 138.932308 1.036320 
0.102388 74.062529 138.862707 1.036345 
0.102396 74.068646 138.780307 1.036200 
0.102617 74.069265 138.713594 1.036310 
0.102272 74.067259 138.640225 1.036022 
0.102484 74.051163 138.575456 1.036291 
0.102570 74.058220 138.506000 1.036210 
0.102232 74.059039 138.430181 1.036211 
0.102488 74.058059 138.372950 1.036350 
0.102312 74.059511 138.299177 1.036475 
0.102192 74.061488 138.227756 1.036214 
0.102312 74.068805 138.170009 1.036152 
0.102227 74.059935 138.089867 1.036221 
0.102062 74.063830 138.021937 1.036260 
0.102362 74.064935 137.950286 1.036140 
0.102307 74.069584 137.882742 1.036393 
0.101998 74.070329 137.815002 1.036265 
0.102194 74.069910 137.746585 1.036272 
0.102180 74.071479 137.678898 1.036041 
0.102056 74.070304 137.604796 1.036196 
0.102280 74.070901 137.523637 1.036221 
0.102158 74.072682 137.461410 1.036154 
0.102261 74.075679 137.391299 1.036170 
0.102267 74.072853 137.315551 1.036174 
0.102136 74.074662 137.239203 1.036248 
0.102119 74.081312 137.173328 1.036120 
0.102409 74.078482 137.099033 1.036382 
0.102226 74.088854 137.033660 1.036406 
0.102490 74.088946 136.968010 1.036307 
0.102200 74.088618 136.901376 1.036296 
0.102401 74.086496 136.822074 1.036256 
0.102174 74.080704 136.751509 1.036202 
0.102214 74.087754 136.681610 1.036310 
0.102162 74.094761 136.621276 1.036470 
0.102701 74.096178 136.559236 1.036347 
0.102512 74.096733 136.479466 1.036397 
0.102133 74.098281 136.417859 1.036240 
0.102408 74.099620 136.354109 1.036305 
0.102349 74.090750 136.281051 1.036262 
0.102379 74.098924 136.214607 1.036193 
0.102347 74.101245 136.151571 1.036195 
0.102070 74.101050 136.081038 1.036039 
0.101960 74.104525 136.020223 1.036180 
0.102246 74.100392 135.955500 1.036117 
0.102042 74.110694 135.887829 1.036068 
0.102220 74.109377 135.818948 1.035966 
0.102071 74.115518 135.753728 1.036215 
0.101971 74.095826 135.693578 1.036121 
0.102088 74.115624 135.619796 1.036241 
0.101969 74.119658 135.557155 1.036258 
0.101944 74.114790 135.495787 1.036258 
0.102098 74.109865 135.429037 1.036456 
0.101595 74.113984 135.362023 1.036294 
0.101694 74.115334 135.301939 1.036352 
0.101690 74.111413 135.232874 1.036331 
0.101547 74.104932 135.169825 1.036245 
0.101730 74.114683 135.108030 1.036145 
0.101711 74.105177 135.043244 1.036182 
0.101459 74.114577 134.984591 1.036294 
0.101504 74.111514 134.925718 1.036252 
0.101542 74.111480 134.863935 1.036203 
0.101503 74.112878 134.804283 1.036236 
0.101655 74.112042 134.742149 1.036122 
0.101530 74.109509 134.694382 1.036211 
0.101648 74.109200 134.636544 1.036269 
0.101644 74.101124 134.582243 1.036142 
0.101514 74.095514 134.514075 1.036085 
0.101396 74.098513 134.457475 1.036102 
0.101649 74.098176 134.413304 1.036296 
0.101549 74.112693 134.363074 1.036196 
0.101401 74.117903 134.302952 1.036212 
0.101358 74.116742 134.247793 1.036130 
0.101335 74.118466 134.187353 1.036325 
0.101462 74.123178 134.132935 1.036211 
0.101355 74.125429 134.074621 1.036107 
0.101330 74.126501 134.017357 1.035962 
0.101267 74.124817 133.959838 1.036101 
0.101142 74.126814 133.906858 1.036190 
0.101356 74.131048 133.854222 1.036468 
0.101338 74.140421 133.802064 1.036453 
0.101346 74.131655 133.744883 1.036382 
0.101355 74.126530 133.692838 1.036366 
0.101524 74.127085 133.645632 1.036315 
0.101176 74.132749 133.586106 1.036182 
0.101407 74.128165 133.532100 1.036118 
0.101335 74.134951 133.476094 1.036173 
0.101276 74.124976 133.418707 1.036297 
0.101374 74.135057 133.370248 1.036201 
0.101242 74.128158 133.311364 1.036255 
0.101295 74.138924 133.262237 1.036177 
0.101227 74.136003 133.209775 1.036359 
0.101394 74.132326 133.160931 1.036215 
0.101510 74.139474 133.109202 1.036202 
0.101175 74.136326 133.049100 1.036361 
0.101591 74.135587 132.990728 1.036317 
0.101412 74.130479 132.946653 1.036243 
0.101129 74.125154 132.884994 1.036181 
0.101270 74.132668 132.843179 1.036434 
0.101266 74.142559 132.791103 1.036290 
0.101405 74.132345 132.744002 1.036270 
0.101343 74.135542 132.695742 1.036418 
0.101226 74.124787 132.639395 1.036418 
0.101136 74.125486 132.589173 1.036341 
0.101310 74.128899 132.533693 1.036231 
0.100916 74.110004 132.475719 1.036440 
0.100813 74.114657 132.431143 1.036366 
0.100738 74.124499 132.393256 1.036384 
0.100670 74.131604 132.333312 1.036455 
0.100719 74.126301 132.283310 1.036266 
0.100575 74.122466 132.225901 1.036257 
0.100411 74.119467 132.173335 1.036280 
0.100444 74.121386 132.128368 1.036465 
0.100234 74.122583 132.070912 1.036324 
0.100210 74.114735 132.027751 1.036350 
0.100225 74.118193 131.980221 1.036274 
0.100089 74.115814 131.930443 1.036286 
0.100195 74.122894 131.889273 1.036331 
0.100031 74.123275 131.837807 1.036199 
0.100018 74.120129 131.790309 1.036179 
0.099970 74.122997 131.743307 1.036400 
0.099951 74.119525 131.700031 1.036445 
0.099858 74.125475 131.646441 1.036255 
0.099853 74.132287 131.610165 1.036371 
0.099821 74.130731 131.565452 1.036306 
0.099786 74.131278 131.515338 1.036458 
0.099616 74.124755 131.475324 1.036200 
0.099895 74.116337 131.422425 1.036390 
0.099664 74.123964 131.381545 1.036225 
0.099668 74.114825 131.340543 1.036176 
0.099577 74.123000 131.298945 1.036167 
0.099627 74.121791 131.252765 1.036222 
0.099766 74.121299 131.206611 1.036368 
0.099472 74.115382 131.161460 1.036422 
0.099387 74.114294 131.112183 1.036432 
0.099427 74.109763 131.073365 1.036253 
0.099447 74.103680 131.026119 1.036389 
0.099148 74.102731 130.984477 1.036256 
0.099193 74.103492 130.948068 1.036159 
0.098978 74.106784 130.900089 1.036203 
0.099276 74.102920 130.855054 1.036295 
0.098796 74.110338 130.806448 1.036278 
0.098913 74.109793 130.766687 1.036193 
0.098635 74.108467 130.729333 1.036276 
0.098857 74.101786 130.683846 1.036147 
0.098764 74.111366 130.643988 1.036134 
0.098435 74.112774 130.593947 1.036289 
0.098218 74.114064 130.541485 1.036214 
0.098546 74.106955 130.507343 1.036225 
0.098419 74.111223 130.459234 1.036415 
0.098383 74.104227 130.417995 1.036308 
0.098403 74.104477 130.372025 1.036284 
0.097988 74.110526 130.325190 1.036297 
0.098284 74.109704 130.290729 1.036330 
0.098375 74.120432 130.247053 1.036220 
0.098221 74.113270 130.196506 1.036227 
0.098217 74.114662 130.150951 1.036266 
0.098239 74.118350 130.117123 1.036074 
0.098294 74.121138 130.070841 1.036194 
0.098273 74.126449 130.034139 1.036312 
0.098266 74.120721 129.982108 1.036283 
0.098010 74.125123 129.941887 1.036131 
0.098016 74.119076 129.899834 1.036399 
0.097827 74.117837 129.861816 1.036198 
0.097791 74.128649 129.813510 1.036285 
0.098183 74.122898 129.776222 1.036250 
0.097910 74.127694 129.728499 1.036271 
0.097979 74.130989 129.689862 1.036290 
0.097856 74.133350 129.651264 1.036201 
0.098057 74.134728 129.615305 1.036181 
0.098037 74.128117 129.574820 1.036224 
0.098092 74.133026 129.540736 1.036096 
0.097899 74.125069 129.503256 1.036304 
0.097986 74.135590 129.468551 1.036223 
0.098094 74.125821 129.430756 1.036352 
0.097805 74.135737 129.399187 1.036243 
0.098089 74.134950 129.365308 1.036301 
0.097865 74.135846 129.336216 1.036389 
0.097943 74.143179 129.308037 1.036368 
0.098185 74.144561 129.265654 1.036251 
