0.210521 72.388794 243.744666 1.036288 
0.159468 72.754036 203.869451 1.036190 
0.159733 72.749075 203.830961 1.036312 
0.159635 72.756998 203.793249 1.036308 
0.159567 72.752993 203.753400 1.036234 
0.159551 72.756174 203.716836 1.036166 
0.159626 72.759709 203.691260 1.036352 
0.159556 72.765566 203.647295 1.036293 
0.159557 72.761509 203.610642 1.036244 
0.159686 72.766357 203.575717 1.036293 
0.159552 72.768492 203.537751 1.036257 
0.159556 72.764139 203.500837 1.036320 
0.159532 72.772441 203.464431 1.036151 
0.159749 72.769358 203.422374 1.036275 
0.159428 72.766338 203.383515 1.036306 
0.159639 72.769427 203.337323 1.036131 
0.159539 72.775350 203.300023 1.036048 
0.159423 72.767736 203.265094 1.036214 
0.159436 72.772393 203.226908 1.036147 
0.159433 72.770139 203.190837 1.036140 
0.159201 72.769561 203.150439 1.036064 
0.159162 72.762926 203.105277 1.036211 
0.159256 72.769521 203.069750 1.036066 
0.159338 72.774087 203.025545 1.036265 
0.159086 72.768882 202.994794 1.036100 
0.159213 72.773038 202.952143 1.036275 
0.159033 72.774889 202.914918 1.036137 
0.159055 72.768952 202.865575 1.036358 
0.159055 72.771274 202.835760 1.036020 
0.158916 72.779796 202.794526 1.036300 
0.158987 72.776754 202.757885 1.036204 
0.159142 72.778266 202.719603 1.036176 
0.158967 72.787991 202.684079 1.036026 
0.159135 72.783920 202.650010 1.036171 
0.159124 72.783590 202.615502 1.036280 
0.159243 72.784658 202.576144 1.036334 
0.159082 72.790597 202.534670 1.036196 
0.159284 72.800576 202.509508 1.036236 
0.159436 72.799361 202.470072 1.036524 
0.159403 72.805303 202.435214 1.036317 
0.159171 72.815990 202.403448 1.036367 
0.159357 72.805107 202.376493 1.036345 
0.159413 72.807600 202.343936 1.036232 
0.159576 72.811787 202.305003 1.036271 
0.159349 72.812617 202.268542 1.036426 
0.159139 72.818701 202.235698 1.036342 
0.159342 72.809142 202.203025 1.036200 
0.159293 72.814855 202.166850 1.036307 
0.159214 72.822827 202.130220 1.036358 
0.159202 72.829005 202.102990 1.036255 
0.159145 72.826221 202.063811 1.036198 
0.159188 72.829014 202.037407 1.036247 
0.159253 72.828262 201.997431 1.036250 
0.159203 72.831095 201.979195 1.036197 
0.159305 72.832329 201.952834 1.036145 
0.159199 72.838450 201.913539 1.036247 
0.159129 72.836013 201.883710 1.036131 
0.159208 72.835916 201.856501 1.036186 
0.159065 72.842439 201.820789 1.036298 
0.159144 72.848569 201.784274 1.036388 
0.159161 72.843983 201.757470 1.036297 
0.159128 72.840454 201.728699 1.036237 
0.158973 72.846777 201.683410 1.036262 
0.159085 72.848103 201.651708 1.036294 
0.158945 72.843369 201.615433 1.036392 
0.159201 72.850457 201.583499 1.036386 
0.158803 72.846816 201.556492 1.036342 
0.158891 72.856111 201.520203 1.036350 
0.158788 72.845973 201.487357 1.036179 
0.158984 72.854862 201.463932 1.036304 
0.158916 72.856816 201.421847 1.036391 
0.158602 72.860429 201.393000 1.036234 
0.158773 72.859791 201.367074 1.036411 
0.158910 72.858730 201.328169 1.036366 
0.158700 72.862107 201.303028 1.036206 
0.158556 72.868822 201.279943 1.036208 
0.158546 72.870978 201.240492 1.036365 
0.158638 72.873734 201.215891 1.036369 
0.158731 72.875531 201.186322 1.036292 
0.158681 72.879712 201.161167 1.036236 
0.158527 72.884851 201.138328 1.036265 
0.158653 72.882251 201.110719 1.036267 
0.158552 72.883563 201.076266 1.036152 
0.158635 72.890865 201.052268 1.036290 
0.158439 72.892124 201.024204 1.036211 
0.158490 72.884967 200.992185 1.036311 
0.158370 72.891926 200.968431 1.036402 
0.158345 72.891054 200.936229 1.036411 
0.158522 72.901315 200.918164 1.036371 
0.158690 72.901857 200.887847 1.036299 
0.158479 72.905979 200.861578 1.036222 
0.158515 72.907896 200.838703 1.036275 
0.158269 72.909971 200.809195 1.036445 
0.158472 72.919655 200.784689 1.036458 
0.158418 72.917208 200.757018 1.036394 
0.158445 72.924341 200.730577 1.036459 
0.158160 72.922198 200.702383 1.036418 
0.158394 72.923028 200.676018 1.036239 
0.158420 72.922058 200.649803 1.036217 
0.158524 72.917044 200.629449 1.036410 
0.158053 72.925915 200.599002 1.036350 
0.158352 72.923481 200.571632 1.036252 
0.158354 72.923498 200.541784 1.036242 
0.158257 72.925074 200.522439 1.036182 
0.158442 72.927589 200.501206 1.036159 
0.158038 72.934981 200.472353 1.036216 
0.158158 72.929596 200.444055 1.036189 
0.158336 72.928219 200.421761 1.036193 
0.158441 72.929587 200.402367 1.036057 
0.158416 72.937514 200.387581 1.036214 
0.158353 72.937665 200.365454 1.036216 
0.158463 72.931582 200.338709 1.036086 
0.158430 72.946605 200.318077 1.036346 
0.158436 72.940162 200.296791 1.036299 
0.158349 72.944778 200.275810 1.036183 
0.158251 72.945978 200.259328 1.036234 
0.158274 72.948034 200.234352 1.036085 
0.158510 72.944611 200.206521 1.036359 
0.158087 72.948544 200.176261 1.036206 
0.158430 72.950402 200.156967 1.036334 
0.158019 72.954298 200.133113 1.036338 
0.158062 72.949537 200.108280 1.036276 
0.158170 72.944864 200.082550 1.036175 
0.158214 72.949228 200.065364 1.036265 
0.157963 72.951158 200.039476 1.036356 
0.157734 72.952913 200.008629 1.036196 
0.158174 72.952734 199.986465 1.036449 
0.157917 72.948036 199.974358 1.036377 
0.157975 72.949980 199.942557 1.036421 
0.157931 72.946255 199.914270 1.036159 
0.157964 72.947515 199.892914 1.036232 
0.157738 72.955983 199.874278 1.036182 
0.157855 72.950442 199.848393 1.036194 
0.157853 72.957777 199.838102 1.036222 
0.157547 72.957319 199.809603 1.036320 
0.157598 72.949566 199.790828 1.036459 
0.157771 72.941865 199.768232 1.036264 
0.157608 72.946560 199.748218 1.036227 
0.157588 72.948472 199.739944 1.036425 
0.157902 72.946619 199.715607 1.036484 
0.157775 72.941872 199.695117 1.036165 
0.157738 72.953890 199.669883 1.036190 
0.157687 72.950991 199.653351 1.036387 
0.157735 72.948742 199.629574 1.036084 
0.157724 72.950373 199.612853 1.036272 
0.157759 72.946137 199.593139 1.036235 
0.157723 72.942314 199.567613 1.036322 
0.157630 72.943053 199.553336 1.036314 
0.157629 72.944614 199.523031 1.036375 
0.157673 72.941591 199.506622 1.036360 
0.157774 72.949080 199.483040 1.036303 
0.157533 72.942300 199.463622 1.036410 
0.157599 72.932691 199.439425 1.036276 
0.157687 72.940684 199.418806 1.036273 
0.157451 72.937476 199.400272 1.036189 
0.157625 72.943950 199.373913 1.036277 
0.157582 72.945703 199.356348 1.036264 
0.157480 72.948895 199.328539 1.036327 
0.157584 72.942436 199.314125 1.036142 
0.157355 72.948473 199.289913 1.036451 
0.157469 72.944968 199.277963 1.036417 
0.157500 72.947259 199.253867 1.036328 
0.157297 72.953969 199.235920 1.036323 
0.157338 72.949786 199.208489 1.036370 
0.157267 72.950029 199.190222 1.036205 
0.157066 72.956215 199.166384 1.036123 
0.157310 72.958884 199.153716 1.036189 
0.157222 72.965036 199.129346 1.036003 
0.157214 72.970182 199.110076 1.036141 
0.157140 72.972116 199.100124 1.036258 
0.156827 72.970912 199.067108 1.036256 
0.157113 72.971191 199.045566 1.036151 
0.157159 72.973006 199.030249 1.036089 
0.157182 72.971353 199.007596 1.036293 
0.157137 72.975059 198.994686 1.036278 
0.157073 72.975292 198.975420 1.036208 
0.157122 72.982823 198.950086 1.036106 
0.157006 72.978871 198.928728 1.036428 
0.157214 72.976164 198.906862 1.036325 
0.157174 72.980589 198.900622 1.036432 
0.157077 72.978906 198.878802 1.036246 
0.157070 72.985337 198.853548 1.036255 
0.157148 72.974529 198.836926 1.036289 
0.156997 72.981885 198.816183 1.036126 
0.157196 72.985326 198.800949 1.036306 
0.156962 72.975975 198.784319 1.036044 
0.157221 72.986265 198.771463 1.036214 
0.156965 72.974505 198.738306 1.036232 
0.156760 72.976636 198.726070 1.036229 
0.156814 72.975032 198.724372 1.036306 
0.156793 72.982268 198.694211 1.036291 
0.156933 72.978220 198.686263 1.036280 
0.156885 72.985349 198.666003 1.036436 
0.156886 72.988074 198.654148 1.036258 
0.156825 72.986905 198.636479 1.036394 
0.156666 72.992289 198.613550 1.036197 
0.156572 72.994858 198.608525 1.036408 
0.156556 72.991161 198.599811 1.036432 
0.156848 72.992991 198.569682 1.036350 
0.156404 72.994891 198.555238 1.036276 
