0.201925 74.991635 210.473642 1.036478 
0.202124 74.986831 210.529352 1.036648 
0.201817 74.992447 210.588619 1.036428 
0.201961 74.983532 210.637325 1.036424 
0.201527 74.981323 210.689655 1.036489 
0.201715 74.988057 210.752587 1.036540 
0.201842 74.981284 210.807912 1.036326 
0.201401 74.988445 210.860955 1.036434 
0.201409 74.979324 210.921758 1.036391 
0.201452 74.977698 210.979045 1.036181 
0.201554 74.979936 211.033198 1.036423 
0.201576 74.985416 211.092288 1.036404 
0.201535 74.971931 211.144341 1.036443 
0.201145 74.970084 211.196000 1.036387 
0.201492 74.963319 211.254762 1.036539 
0.201188 74.967931 211.311022 1.036430 
0.200928 74.964423 211.363038 1.036568 
0.201341 74.970613 211.416359 1.036267 
0.201153 74.968695 211.467094 1.036447 
0.200884 74.962945 211.520299 1.036401 
0.200891 74.969469 211.573710 1.036445 
0.200804 74.959050 211.625142 1.036440 
0.200857 74.961487 211.676052 1.036554 
0.200903 74.961317 211.723526 1.036480 
0.200910 74.953902 211.775947 1.036325 
0.200751 74.949142 211.833625 1.036343 
0.200763 74.952126 211.884371 1.036155 
0.200546 74.943090 211.927895 1.036318 
0.200801 74.946068 211.971281 1.036191 
0.200477 74.942505 212.023116 1.036348 
0.200444 74.939035 212.063365 1.036411 
0.200552 74.949161 212.120433 1.036343 
0.200502 74.952134 212.167482 1.036187 
0.200459 74.947497 212.213443 1.036176 
0.200188 74.949076 212.259657 1.036520 
0.200442 74.950280 212.297096 1.036501 
0.200278 74.947305 212.348141 1.036302 
0.200225 74.951840 212.387205 1.036539 
0.200281 74.948750 212.421758 1.036333 
0.200187 74.945179 212.477721 1.036609 
0.200232 74.955486 212.517470 1.036437 
0.200267 74.952079 212.558112 1.036509 
0.200469 74.944083 212.595009 1.036357 
0.200286 74.955962 212.634964 1.036459 
0.200437 74.963995 212.673608 1.036473 
0.200187 74.953985 212.717883 1.036463 
0.200330 74.961430 212.749568 1.036484 
0.200305 74.958940 212.795601 1.036492 
0.200090 74.958552 212.845401 1.036385 
0.200452 74.954404 212.868264 1.036310 
0.200207 74.959644 212.921659 1.036485 
0.200425 74.968193 212.959926 1.036373 
0.200199 74.962212 213.001509 1.036469 
0.200578 74.963349 213.043495 1.036478 
0.200192 74.955412 213.079437 1.036406 
0.200183 74.949127 213.123308 1.036355 
0.200322 74.953967 213.168213 1.036322 
0.200348 74.953280 213.214343 1.036386 
0.200564 74.956791 213.251073 1.036389 
0.200360 74.965687 213.300178 1.036468 
0.200275 74.972529 213.346072 1.036421 
0.200557 74.967017 213.385605 1.036295 
0.200322 74.973409 213.426966 1.036427 
0.200165 74.970508 213.467845 1.036382 
0.200453 74.978658 213.502873 1.036441 
0.200571 74.976254 213.543112 1.036472 
0.200578 74.981586 213.570839 1.036347 
0.200485 74.987208 213.620736 1.036657 
0.200620 74.982865 213.656400 1.036551 
0.200737 74.991441 213.699947 1.036667 
0.200530 74.994035 213.730479 1.036320 
0.200405 74.994769 213.772281 1.036335 
0.200625 75.000689 213.804019 1.036366 
0.200640 74.996573 213.846249 1.036414 
0.200509 74.996760 213.877305 1.036499 
0.200796 74.994906 213.908839 1.036522 
0.200542 74.994379 213.949708 1.036309 
0.200478 74.994200 213.990989 1.036462 
0.200327 74.996617 214.021192 1.036468 
0.200814 75.000850 214.052876 1.036359 
0.200584 74.992211 214.087313 1.036483 
0.200305 74.994452 214.125158 1.036539 
0.200550 74.995692 214.168644 1.036614 
0.200436 75.002434 214.204329 1.036342 
0.200454 74.998701 214.240651 1.036396 
0.200369 74.992455 214.269032 1.036542 
0.200324 74.993065 214.302541 1.036436 
0.200564 74.996024 214.344773 1.036593 
0.200568 75.000310 214.391980 1.036521 
0.200400 74.993349 214.414014 1.036393 
0.200237 74.999315 214.447401 1.036461 
0.200466 75.005131 214.484834 1.036128 
0.200316 75.006797 214.515224 1.036460 
0.200145 75.004942 214.558596 1.036353 
0.200058 75.001429 214.588669 1.036361 
0.200160 75.001693 214.620275 1.036415 
0.199958 75.011156 214.659698 1.036356 
0.200087 75.007395 214.700709 1.036555 
0.199947 75.019284 214.724126 1.036434 
0.199982 75.011002 214.764987 1.036507 
0.200327 75.014960 214.792504 1.036473 
0.200149 75.015801 214.832307 1.036381 
0.200105 75.015218 214.855976 1.036444 
0.199835 75.015964 214.886692 1.036471 
0.199829 75.018635 214.912511 1.036297 
0.200048 75.020804 214.950047 1.036286 
0.199979 75.026133 214.983682 1.036372 
0.200074 75.024205 215.010470 1.036557 
0.200140 75.021455 215.043412 1.036357 
0.200028 75.026645 215.077322 1.036473 
0.199778 75.023873 215.107891 1.036343 
0.199843 75.027558 215.138463 1.036402 
0.200028 75.031977 215.176902 1.036253 
0.200044 75.027933 215.200626 1.036173 
0.199839 75.032329 215.227628 1.036219 
0.199783 75.037804 215.257110 1.036302 
0.199751 75.031278 215.289475 1.036379 
0.199900 75.039357 215.321235 1.036184 
0.199661 75.030842 215.354542 1.036253 
0.199700 75.043287 215.376830 1.036131 
0.199567 75.034133 215.413147 1.036123 
0.199338 75.042399 215.440044 1.036254 
0.199316 75.036016 215.478291 1.036035 
0.199328 75.034998 215.503343 1.036195 
0.199080 75.033983 215.528909 1.036129 
0.199233 75.037081 215.555785 1.036356 
0.199057 75.031524 215.576914 1.036016 
0.199109 75.021579 215.599456 1.036237 
0.199186 75.025167 215.627469 1.036271 
0.199344 75.028851 215.651303 1.036106 
0.198907 75.031917 215.665135 1.036060 
0.198868 75.031699 215.687474 1.036212 
0.198880 75.024682 215.705883 1.036328 
0.199080 75.026080 215.729888 1.036161 
0.199081 75.027049 215.744580 1.036320 
0.198880 75.029893 215.762258 1.036293 
0.198960 75.030274 215.791836 1.036332 
0.199048 75.028773 215.814886 1.036425 
0.198969 75.018279 215.841498 1.036463 
0.198875 75.029851 215.859940 1.036528 
0.198791 75.028821 215.881440 1.036431 
0.198966 75.026120 215.908119 1.036338 
0.198545 75.034367 215.930627 1.036412 
0.198756 75.034350 215.955318 1.036497 
0.198679 75.031667 215.972516 1.036435 
0.198771 75.036487 215.986537 1.036397 
0.199063 75.041318 216.013986 1.036474 
0.198554 75.041647 216.035386 1.036407 
0.198727 75.040061 216.056531 1.036428 
0.198765 75.035868 216.075561 1.036373 
0.198712 75.042165 216.110769 1.036338 
0.198632 75.037793 216.128079 1.036303 
0.198377 75.039486 216.151553 1.036506 
0.198519 75.037068 216.170404 1.036454 
0.198469 75.038097 216.189899 1.036250 
0.198694 75.038605 216.213976 1.036416 
0.198395 75.040570 216.240618 1.036446 
0.198510 75.043164 216.262183 1.036441 
0.198512 75.040380 216.296000 1.036298 
0.198541 75.041896 216.319734 1.036366 
0.198413 75.045630 216.347988 1.036174 
0.198623 75.052836 216.367541 1.036311 
0.198584 75.050342 216.395932 1.036274 
0.198386 75.046254 216.410225 1.036423 
0.198537 75.050100 216.439375 1.036303 
0.198552 75.042058 216.462587 1.036317 
0.198334 75.045521 216.483315 1.036410 
0.198403 75.048714 216.511051 1.036307 
0.198281 75.045029 216.535581 1.036377 
0.198319 75.045646 216.560538 1.036178 
0.198226 75.041624 216.593351 1.036351 
0.198258 75.039275 216.610660 1.036474 
0.198018 75.053914 216.636940 1.036512 
0.198256 75.042053 216.661859 1.036363 
0.198350 75.037808 216.691853 1.036442 
0.197873 75.036088 216.713903 1.036485 
0.197890 75.037719 216.738181 1.036490 
0.197982 75.043810 216.757294 1.036529 
0.197692 75.036432 216.780141 1.036656 
0.197713 75.034338 216.798852 1.036365 
0.197663 75.033703 216.824333 1.036410 
0.197566 75.035971 216.847953 1.036397 
0.197653 75.035923 216.871058 1.036454 
0.197515 75.028709 216.892944 1.036441 
0.197539 75.028487 216.922259 1.036441 
0.197292 75.025379 216.945696 1.036438 
0.197122 75.022769 216.973359 1.036424 
0.197299 75.017572 216.999421 1.036394 
0.197055 75.023953 217.017724 1.036217 
0.197008 75.018762 217.050579 1.036332 
0.197057 75.017660 217.081340 1.036311 
0.197149 75.023102 217.103446 1.036393 
0.196783 75.012440 217.130900 1.036279 
0.197114 75.008033 217.150938 1.036432 
0.197003 75.003854 217.177842 1.036447 
0.197002 75.007471 217.192627 1.036295 
0.196967 74.991896 217.205474 1.036325 
0.196885 75.007619 217.240521 1.036156 
0.196829 75.006536 217.264590 1.036207 
0.196884 75.009744 217.291459 1.036208 
