0.111820 73.949763 141.554855 1.036370 
0.204430 73.972902 199.035779 1.036494 
0.204581 73.974012 199.217700 1.036547 
0.204671 73.977519 199.398572 1.036405 
0.204671 73.974145 199.588962 1.036278 
0.205102 73.964766 199.769412 1.036376 
0.205038 73.973688 199.955563 1.036488 
0.205138 73.966082 200.132786 1.036345 
0.205549 73.963494 200.322989 1.036352 
0.205336 73.962114 200.498506 1.036406 
0.205659 73.966270 200.674552 1.036497 
0.205777 73.957913 200.845078 1.036395 
0.205800 73.957257 201.023218 1.036366 
0.206028 73.954329 201.193883 1.036339 
0.206307 73.957516 201.371754 1.036392 
0.206375 73.947834 201.545861 1.036398 
0.206555 73.943920 201.717789 1.036479 
0.206978 73.944938 201.892764 1.036538 
0.206885 73.941375 202.050871 1.036509 
0.207092 73.937218 202.220690 1.036282 
0.206886 73.930654 202.383285 1.036110 
0.207174 73.929525 202.548661 1.036275 
0.207351 73.929185 202.723814 1.036329 
0.207264 73.926992 202.886436 1.036430 
0.207218 73.923209 203.040288 1.036347 
0.207414 73.914247 203.196494 1.036391 
0.207650 73.915420 203.370603 1.036346 
0.207740 73.915648 203.523089 1.036223 
0.207793 73.911919 203.675906 1.036350 
0.207860 73.907370 203.843880 1.036259 
0.207981 73.905575 204.004891 1.036309 
0.207891 73.915093 204.168128 1.036395 
0.208083 73.906942 204.317973 1.036367 
0.208200 73.903172 204.478375 1.036258 
0.208601 73.904484 204.634865 1.036247 
0.208384 73.900545 204.795548 1.036301 
0.208661 73.894951 204.956346 1.036283 
0.208403 73.909920 205.109840 1.036338 
0.208691 73.894801 205.268709 1.036310 
0.208489 73.888876 205.416236 1.036480 
0.208619 73.897578 205.567328 1.036234 
0.208680 73.896932 205.711685 1.036347 
0.208747 73.898303 205.867090 1.036196 
0.208750 73.898562 206.003596 1.036514 
0.208825 73.892008 206.145043 1.036571 
0.208870 73.892305 206.284866 1.036549 
0.208885 73.896235 206.421428 1.036493 
0.209233 73.891386 206.564444 1.036482 
0.209132 73.894598 206.703564 1.036402 
0.209424 73.894968 206.849904 1.036486 
0.209475 73.887005 206.980162 1.036462 
0.209429 73.890928 207.117498 1.036650 
0.209581 73.881169 207.264549 1.036458 
0.209654 73.889781 207.400115 1.036541 
0.209848 73.897460 207.535681 1.036319 
0.209955 73.894468 207.683730 1.036528 
0.209944 73.895993 207.818915 1.036236 
0.210085 73.886335 207.948202 1.036267 
0.210089 73.888991 208.085664 1.036176 
0.210327 73.882177 208.219369 1.036117 
0.210196 73.882568 208.359848 1.036200 
0.210726 73.897877 208.495077 1.036385 
0.210366 73.892485 208.627427 1.036441 
0.210681 73.893811 208.759569 1.036376 
0.211062 73.896805 208.894448 1.036421 
0.210741 73.880131 209.014764 1.036221 
0.210755 73.887552 209.144355 1.036420 
0.210863 73.885462 209.269611 1.036261 
0.211210 73.889411 209.398264 1.036556 
0.211013 73.890102 209.526122 1.036402 
0.211261 73.890063 209.652771 1.036402 
0.211351 73.889739 209.784115 1.036298 
0.211236 73.889340 209.905701 1.036405 
0.211393 73.892236 210.030615 1.036379 
0.211499 73.894625 210.152882 1.036484 
0.211454 73.887995 210.280543 1.036508 
0.211556 73.900240 210.407952 1.036430 
0.211535 73.894853 210.520541 1.036499 
0.211423 73.901129 210.653008 1.036484 
0.211610 73.899986 210.775057 1.036514 
0.211459 73.899330 210.893466 1.036504 
0.211655 73.903881 211.018500 1.036497 
0.211630 73.899207 211.124499 1.036408 
0.211418 73.901929 211.252875 1.036396 
0.211541 73.901860 211.364953 1.036083 
0.211724 73.902268 211.481917 1.036332 
0.211574 73.903046 211.596607 1.036432 
0.211780 73.907274 211.721411 1.036398 
0.211717 73.906209 211.829778 1.036332 
0.211981 73.895566 211.937809 1.036592 
0.211737 73.903294 212.049826 1.036466 
0.211968 73.895674 212.161993 1.036622 
0.212166 73.901861 212.273307 1.036428 
0.212291 73.897871 212.377439 1.036399 
0.212245 73.894802 212.484761 1.036594 
0.212245 73.893489 212.595575 1.036593 
0.212330 73.892762 212.708516 1.036615 
0.212205 73.889737 212.814102 1.036582 
0.212309 73.880694 212.935413 1.036453 
0.212413 73.871921 213.034552 1.036454 
0.212289 73.874167 213.150634 1.036450 
0.212285 73.878767 213.249462 1.036530 
0.212312 73.870881 213.364379 1.036462 
0.212154 73.876197 213.480808 1.036290 
0.212365 73.876264 213.592058 1.036221 
0.212465 73.870040 213.701570 1.036554 
0.212012 73.870702 213.813182 1.036448 
0.212094 73.874323 213.920607 1.036420 
0.212000 73.881524 214.032573 1.036472 
0.212076 73.879559 214.136292 1.036440 
0.212125 73.876515 214.249951 1.036409 
0.212027 73.882505 214.353190 1.036570 
0.211998 73.881045 214.471562 1.036252 
0.212114 73.875626 214.569748 1.036456 
0.211707 73.868931 214.686397 1.036380 
0.211620 73.875026 214.790267 1.036341 
0.211832 73.869540 214.899347 1.036298 
0.211664 73.867798 214.994178 1.036313 
0.211661 73.871470 215.108481 1.036440 
0.211544 73.864268 215.214036 1.036411 
0.211743 73.870002 215.315078 1.036490 
0.211560 73.869704 215.428346 1.036561 
0.211523 73.867744 215.529000 1.036458 
0.211250 73.877523 215.642120 1.036480 
0.211396 73.875739 215.749253 1.036575 
0.211331 73.876784 215.852008 1.036499 
0.211164 73.872357 215.962394 1.036368 
0.211176 73.872764 216.065802 1.036464 
0.211003 73.877337 216.167343 1.036477 
0.211233 73.878152 216.263702 1.036585 
0.210917 73.882473 216.362724 1.036480 
0.211071 73.885953 216.465380 1.036689 
0.211239 73.886031 216.575976 1.036263 
0.211140 73.888315 216.661647 1.036337 
0.210952 73.887859 216.755144 1.036370 
0.210767 73.891572 216.859266 1.036371 
0.211114 73.889049 216.948366 1.036582 
0.210924 73.890875 217.047840 1.036280 
0.210978 73.889578 217.140897 1.036423 
0.210758 73.899997 217.228568 1.036523 
0.211015 73.901529 217.328137 1.036403 
0.210739 73.897549 217.411641 1.036336 
0.210852 73.900336 217.497892 1.036379 
0.210967 73.896063 217.589966 1.036227 
0.210680 73.904157 217.679002 1.036217 
0.211079 73.906739 217.776165 1.036386 
0.210873 73.908772 217.849691 1.036182 
0.211021 73.912907 217.945558 1.036310 
0.211018 73.916016 218.026962 1.036380 
0.210861 73.916771 218.106634 1.036475 
0.210926 73.916512 218.186527 1.036585 
0.211053 73.915145 218.269687 1.036284 
0.210862 73.919990 218.348173 1.036223 
0.211078 73.918845 218.433404 1.036395 
0.210880 73.929639 218.508820 1.036348 
0.211036 73.924320 218.581837 1.036262 
0.210691 73.923076 218.663619 1.036416 
0.210947 73.928459 218.733867 1.036410 
0.210701 73.923677 218.813281 1.036418 
0.210740 73.926407 218.888618 1.036402 
0.210818 73.930188 218.968802 1.036267 
0.210750 73.925948 219.033926 1.036531 
0.210949 73.929585 219.120425 1.036152 
0.210513 73.925447 219.196179 1.035930 
0.210626 73.935127 219.272147 1.036333 
0.210599 73.936767 219.337687 1.036442 
0.210707 73.932413 219.406101 1.036273 
0.210469 73.940148 219.488842 1.036347 
0.210582 73.936511 219.558611 1.036308 
0.210548 73.937014 219.624783 1.036332 
0.210611 73.944096 219.702763 1.036239 
0.210259 73.946461 219.774355 1.036252 
0.210259 73.946557 219.839118 1.036257 
0.210343 73.947581 219.907959 1.036331 
0.210052 73.942767 219.986844 1.036267 
0.209899 73.951347 220.052935 1.036077 
0.210159 73.953215 220.129316 1.036137 
0.210022 73.944899 220.196937 1.036211 
0.209882 73.946997 220.267420 1.036244 
0.209908 73.947207 220.334420 1.036316 
0.209682 73.944125 220.398904 1.036344 
0.209681 73.946346 220.475130 1.036182 
0.209765 73.945308 220.532709 1.036337 
0.209825 73.945445 220.597427 1.036506 
0.209411 73.947231 220.669448 1.036522 
0.209701 73.939063 220.734951 1.036393 
0.209416 73.938958 220.804219 1.036374 
0.209732 73.937762 220.862986 1.036509 
0.209580 73.945753 220.926996 1.036325 
0.209424 73.946181 220.988433 1.036323 
0.209421 73.941168 221.062677 1.036132 
0.209472 73.939844 221.115424 1.036229 
0.209361 73.945571 221.201954 1.036280 
0.209376 73.948501 221.270559 1.036316 
0.209243 73.950317 221.329372 1.036401 
0.209393 73.955195 221.394810 1.036226 
0.209376 73.946155 221.467006 1.036266 
0.209278 73.950310 221.533964 1.036319 
0.209432 73.950377 221.603309 1.036091 
0.209271 73.946134 221.663964 1.036230 
