0.111934 74.454114 114.462411 1.036682 
0.111729 74.460162 114.493126 1.036607 
0.111950 74.456735 114.509449 1.036760 
0.111727 74.456909 114.529894 1.036719 
0.112024 74.457581 114.560121 1.036790 
0.111734 74.454215 114.588744 1.036810 
0.111956 74.445206 114.604621 1.036690 
0.111724 74.442866 114.624273 1.036703 
0.111956 74.451657 114.652653 1.036523 
0.111791 74.444012 114.677397 1.036584 
0.111719 74.448419 114.692012 1.036646 
0.111800 74.443712 114.710044 1.036442 
0.111597 74.444566 114.731680 1.036532 
0.111652 74.444486 114.752682 1.036494 
0.111722 74.441142 114.772180 1.036651 
0.111783 74.444845 114.802469 1.036609 
0.111556 74.435684 114.819224 1.036503 
0.111527 74.443256 114.835482 1.036431 
0.111455 74.443034 114.856968 1.036370 
0.111520 74.443126 114.881305 1.036431 
0.111437 74.429661 114.892261 1.036512 
0.111165 74.434096 114.915882 1.036636 
0.111049 74.438712 114.935343 1.036591 
0.111103 74.432461 114.951021 1.036493 
0.111022 74.427566 114.968278 1.036641 
0.110975 74.428203 115.000981 1.036559 
0.110854 74.435806 115.022005 1.036497 
0.110910 74.425367 115.049945 1.036376 
0.110814 74.427605 115.068578 1.036483 
0.110550 74.423220 115.100485 1.036551 
0.110623 74.428528 115.113704 1.036383 
0.110695 74.428077 115.148426 1.036699 
0.110522 74.431699 115.162682 1.036323 
0.110550 74.427462 115.186499 1.036360 
0.110539 74.426922 115.209772 1.036623 
0.110358 74.420029 115.235952 1.036437 
0.110611 74.420850 115.252268 1.036697 
0.110445 74.418848 115.274063 1.036766 
0.110224 74.421812 115.307156 1.036463 
0.110209 74.412106 115.312752 1.036667 
0.110396 74.420158 115.336325 1.036557 
0.109996 74.418928 115.355627 1.036553 
0.110119 74.421563 115.376369 1.036362 
0.109892 74.414138 115.397202 1.036479 
0.110151 74.416000 115.410501 1.036556 
0.109898 74.410195 115.424534 1.036678 
0.109923 74.412286 115.445858 1.036674 
0.109958 74.413286 115.463350 1.036605 
0.109822 74.413035 115.489143 1.036582 
0.109734 74.421207 115.501773 1.036615 
0.109663 74.419158 115.514639 1.036752 
0.109778 74.414887 115.535004 1.036726 
0.109542 74.416989 115.545253 1.036642 
0.109527 74.410860 115.571859 1.036413 
0.109846 74.418159 115.582538 1.036594 
0.109551 74.420032 115.594932 1.036839 
0.109585 74.414637 115.610937 1.036508 
0.109613 74.416207 115.634715 1.036602 
0.109871 74.412880 115.651591 1.036542 
0.109947 74.418262 115.668659 1.036437 
0.109607 74.413649 115.678021 1.036516 
0.109881 74.413107 115.688895 1.036702 
0.109832 74.404184 115.713796 1.036661 
0.109882 74.408832 115.719385 1.036542 
0.110072 74.408262 115.727597 1.036615 
0.110023 74.407927 115.732491 1.036612 
0.110067 74.420629 115.750129 1.036675 
0.110112 74.410896 115.760942 1.036748 
0.110242 74.406985 115.776698 1.036511 
0.110195 74.415238 115.788854 1.036712 
0.110290 74.414290 115.801035 1.036625 
0.110457 74.409639 115.802460 1.036542 
0.110409 74.413154 115.818776 1.036496 
0.110444 74.409462 115.829440 1.036539 
0.110405 74.412389 115.834299 1.036636 
0.110669 74.418377 115.847520 1.036644 
0.110280 74.408520 115.866689 1.036601 
0.110630 74.414984 115.870953 1.036843 
0.110194 74.402815 115.882293 1.036816 
0.110527 74.416023 115.890275 1.036799 
0.110491 74.407193 115.897220 1.036636 
0.110581 74.405663 115.906385 1.036656 
0.110405 74.408181 115.918793 1.036682 
0.110534 74.403193 115.924637 1.036691 
0.110307 74.391128 115.935530 1.036593 
0.110371 74.395562 115.941323 1.036716 
0.110343 74.398069 115.956924 1.036660 
0.110286 74.400498 115.967077 1.036687 
0.110232 74.400929 115.978666 1.036753 
0.110111 74.400251 115.988553 1.036461 
0.110516 74.395675 116.002820 1.036526 
0.110340 74.388616 116.003807 1.036437 
0.110263 74.396119 116.016947 1.036445 
0.110012 74.387624 116.025063 1.036705 
0.109926 74.397968 116.034004 1.036639 
0.110137 74.388808 116.050224 1.036699 
0.110101 74.385651 116.056748 1.036512 
0.110091 74.389152 116.078537 1.036524 
0.110149 74.392688 116.093228 1.036607 
0.110067 74.395515 116.103033 1.036517 
0.109881 74.395110 116.114287 1.036668 
0.109967 74.389219 116.129483 1.036768 
0.109949 74.386024 116.142358 1.036788 
0.109808 74.391029 116.163039 1.036767 
0.109919 74.391566 116.185450 1.036706 
0.109786 74.388133 116.199359 1.036553 
0.109953 74.391252 116.206961 1.036684 
0.110043 74.389796 116.225808 1.036710 
0.110012 74.384839 116.242039 1.036614 
0.109960 74.386413 116.262868 1.036751 
0.109928 74.386749 116.274221 1.036903 
0.109885 74.381635 116.293695 1.036579 
0.110052 74.382466 116.307087 1.036690 
0.109981 74.389480 116.323136 1.036783 
0.110014 74.379402 116.344044 1.036615 
0.109919 74.387472 116.363061 1.036867 
0.109965 74.383536 116.370743 1.036606 
0.109743 74.381452 116.390842 1.036679 
0.109998 74.377389 116.403226 1.036767 
0.110075 74.383386 116.426900 1.036577 
0.109878 74.373058 116.430117 1.036602 
0.110110 74.373398 116.452031 1.036745 
0.109687 74.366232 116.466062 1.036660 
0.109992 74.364069 116.477248 1.036524 
0.109839 74.370022 116.489837 1.036690 
0.109743 74.366534 116.502621 1.036679 
0.109847 74.366020 116.518071 1.036701 
0.109821 74.357918 116.530140 1.036793 
0.109915 74.359068 116.541031 1.036805 
0.109870 74.361805 116.559357 1.036709 
0.109975 74.360882 116.569034 1.036855 
0.110145 74.351740 116.590984 1.036748 
0.109950 74.352718 116.597088 1.036809 
0.109880 74.344140 116.622212 1.036580 
0.109955 74.346162 116.629691 1.036763 
0.110064 74.345874 116.646623 1.036688 
0.110030 74.339415 116.658093 1.036779 
0.110078 74.333300 116.666325 1.036778 
0.110150 74.335496 116.677220 1.036752 
0.109938 74.338078 116.700130 1.036752 
0.110037 74.331733 116.705349 1.036661 
0.110032 74.323514 116.714079 1.036780 
0.109922 74.333225 116.728799 1.036890 
0.110267 74.334695 116.745121 1.036801 
0.109936 74.318767 116.749874 1.036739 
0.110021 74.322195 116.761586 1.036659 
0.110115 74.326978 116.772566 1.036760 
0.109936 74.325501 116.786401 1.036741 
0.109791 74.319879 116.792087 1.036522 
0.110089 74.315867 116.802860 1.036556 
0.109919 74.325972 116.806960 1.036785 
0.109880 74.310526 116.814952 1.036492 
0.109945 74.309439 116.823181 1.036613 
0.110037 74.305318 116.836425 1.036905 
0.109782 74.311131 116.849725 1.036724 
0.109807 74.308860 116.864147 1.036560 
0.109719 74.309825 116.865291 1.036623 
0.109821 74.314960 116.872477 1.036645 
0.109693 74.306391 116.889202 1.036591 
0.109817 74.307134 116.897695 1.036676 
0.109943 74.306087 116.904369 1.036695 
0.109512 74.313248 116.911766 1.036600 
0.109413 74.305538 116.919902 1.036677 
0.109799 74.296465 116.933323 1.036564 
0.109596 74.290713 116.943022 1.036538 
0.109688 74.298179 116.943304 1.036580 
0.109439 74.291332 116.954722 1.036707 
0.109613 74.290329 116.963794 1.036694 
0.109619 74.293922 116.973584 1.036909 
0.109284 74.284593 116.983874 1.036709 
0.109785 74.286795 117.001448 1.036641 
0.109420 74.282573 117.020970 1.036557 
0.109730 74.277189 117.025851 1.036659 
0.109426 74.272212 117.041321 1.036743 
0.109503 74.274403 117.048155 1.036644 
0.109510 74.280799 117.058354 1.036872 
0.109569 74.272800 117.076885 1.036795 
0.109381 74.275475 117.088213 1.036681 
0.109519 74.268316 117.098820 1.036603 
0.109399 74.261147 117.112101 1.036680 
0.109312 74.265665 117.127253 1.036697 
0.109348 74.261649 117.128803 1.036650 
0.109294 74.257097 117.137383 1.036748 
0.109213 74.253527 117.154358 1.036647 
0.109416 74.268061 117.170460 1.036800 
0.109117 74.245996 117.174590 1.036742 
0.109163 74.250770 117.181657 1.036577 
0.109376 74.239274 117.199216 1.036637 
0.109090 74.232012 117.202023 1.036591 
0.109077 74.232482 117.210260 1.036459 
0.109307 74.238407 117.232630 1.036581 
0.109101 74.232760 117.233596 1.036566 
0.109406 74.224494 117.253723 1.036407 
0.109268 74.225623 117.269211 1.036436 
0.109250 74.221253 117.269863 1.036642 
0.109308 74.221985 117.279065 1.036680 
0.109186 74.219312 117.292492 1.036748 
0.109186 74.219504 117.303719 1.036605 
0.109168 74.213289 117.316127 1.036736 
0.109134 74.211810 117.328670 1.036729 
