0.176936 71.168826 211.247402 1.036541 
0.228923 71.480005 266.258052 1.036256 
0.228914 71.477314 266.313737 1.036296 
0.228915 71.480364 266.351277 1.036192 
0.228981 71.475273 266.393581 1.036344 
0.228641 71.479112 266.436143 1.036342 
0.228701 71.473639 266.473085 1.036326 
0.229018 71.478221 266.518592 1.036340 
0.228700 71.472546 266.559875 1.036260 
0.228671 71.477757 266.590490 1.036225 
0.228535 71.476658 266.634388 1.036099 
0.228685 71.480208 266.670311 1.036391 
0.228469 71.480468 266.700083 1.036223 
0.228535 71.473793 266.736882 1.036276 
0.228620 71.474561 266.776837 1.036420 
0.228453 71.473415 266.815353 1.036347 
0.228486 71.477392 266.841627 1.036387 
0.228363 71.488888 266.883486 1.036423 
0.228311 71.482132 266.916603 1.036396 
0.228134 71.481478 266.956339 1.036235 
0.228197 71.482852 266.990837 1.036147 
0.228123 71.485611 267.024095 1.036242 
0.228358 71.481079 267.059419 1.036211 
0.228317 71.493300 267.096397 1.036173 
0.228264 71.496501 267.121433 1.036237 
0.228067 71.490600 267.148183 1.036359 
0.228148 71.494202 267.180654 1.036068 
0.228097 71.500129 267.220519 1.036140 
0.228121 71.499740 267.247097 1.036420 
0.227930 71.504661 267.268300 1.036058 
0.228180 71.511016 267.299752 1.036323 
0.227897 71.500972 267.324493 1.036163 
0.228045 71.499892 267.345149 1.036284 
0.228152 71.510432 267.374830 1.036165 
0.228008 71.515779 267.406425 1.036132 
0.228013 71.510918 267.436031 1.036107 
0.227964 71.521322 267.469569 1.036178 
0.228016 71.523839 267.506548 1.036127 
0.227930 71.516437 267.543271 1.036311 
0.227781 71.521319 267.573777 1.036117 
0.227934 71.525823 267.615437 1.036003 
0.227797 71.517925 267.646130 1.036389 
0.228102 71.541985 267.693778 1.036385 
0.227910 71.528554 267.720495 1.036346 
0.228066 71.530806 267.772806 1.036406 
0.227992 71.521172 267.805468 1.036208 
0.227905 71.528313 267.852177 1.036261 
0.227962 71.535262 267.895199 1.036114 
0.227888 71.535361 267.938492 1.036213 
0.227934 71.529894 267.972786 1.036335 
0.227920 71.530887 268.017852 1.036279 
0.228194 71.543700 268.046996 1.036460 
0.228215 71.545118 268.097995 1.036475 
0.228016 71.548292 268.139090 1.036434 
0.228346 71.547283 268.179321 1.036578 
0.228346 71.555492 268.219639 1.036447 
0.227993 71.549392 268.266443 1.036278 
0.228366 71.559298 268.300235 1.036409 
0.228367 71.550957 268.356639 1.036213 
0.228327 71.562831 268.389509 1.036314 
0.228541 71.562680 268.428356 1.036274 
0.228632 71.569617 268.474154 1.036271 
0.228397 71.567816 268.507576 1.036348 
0.228510 71.571328 268.549717 1.036517 
0.228337 71.570463 268.593989 1.036367 
0.228377 71.571826 268.639466 1.036478 
0.228573 71.566183 268.683153 1.036587 
0.228472 71.571506 268.729569 1.036274 
0.228698 71.571256 268.770802 1.036365 
0.228459 71.575958 268.814281 1.036211 
0.228384 71.575704 268.851902 1.036321 
0.228619 71.579092 268.886825 1.036331 
0.228441 71.575710 268.935726 1.036493 
0.228470 71.578524 268.964229 1.036559 
0.228367 71.583649 269.003334 1.036297 
0.228650 71.578266 269.042590 1.036484 
0.228517 71.580341 269.075676 1.036495 
0.228714 71.586077 269.106792 1.036343 
0.228735 71.591633 269.149099 1.036280 
0.228803 71.588968 269.190453 1.036270 
0.228687 71.592089 269.211403 1.036146 
0.228845 71.596323 269.250109 1.036150 
0.228775 71.588651 269.291038 1.036257 
0.228921 71.592049 269.329545 1.036224 
0.228633 71.594725 269.360754 1.036112 
0.228750 71.594766 269.388108 1.036169 
0.228676 71.594511 269.432889 1.036077 
0.228779 71.594012 269.467555 1.036204 
0.228761 71.591646 269.495708 1.036165 
0.229045 71.594397 269.520522 1.036204 
0.229120 71.590154 269.559939 1.036135 
0.229062 71.580779 269.590857 1.036134 
0.228864 71.594383 269.628061 1.036133 
0.229259 71.591371 269.658968 1.036245 
0.229105 71.590313 269.682820 1.036333 
0.229313 71.593946 269.724551 1.036315 
0.229237 71.594321 269.747568 1.036310 
0.229236 71.596420 269.781086 1.036343 
0.229408 71.595764 269.798821 1.036228 
0.229401 71.596220 269.825677 1.036416 
0.229338 71.599916 269.843577 1.036184 
0.229484 71.600549 269.856740 1.036284 
0.229389 71.598188 269.878919 1.036340 
0.229696 71.596027 269.906953 1.036134 
0.229669 71.593590 269.924585 1.036257 
0.229684 71.600622 269.956220 1.036216 
0.229657 71.604145 269.975182 1.036273 
0.229777 71.595988 270.011184 1.036411 
0.229910 71.582785 270.036740 1.036325 
0.229858 71.594553 270.066274 1.036377 
0.230010 71.598632 270.094151 1.036370 
0.229941 71.584828 270.121741 1.036274 
0.229880 71.594374 270.155996 1.036307 
0.230038 71.594689 270.179067 1.036188 
0.230047 71.590541 270.202384 1.036367 
0.229839 71.584560 270.232283 1.036068 
0.229970 71.590545 270.259514 1.036288 
0.230054 71.593761 270.290357 1.036290 
0.230158 71.582227 270.322900 1.036209 
0.230257 71.587252 270.350764 1.036292 
0.230013 71.583841 270.378370 1.036429 
0.230104 71.590574 270.403937 1.036478 
0.229854 71.583866 270.426156 1.036546 
0.230050 71.592938 270.458537 1.036461 
0.230082 71.587693 270.484996 1.036513 
0.229935 71.589195 270.514675 1.036507 
0.230291 71.596571 270.544888 1.036488 
0.229869 71.601838 270.584993 1.036219 
0.230070 71.594510 270.598751 1.036335 
0.229961 71.599532 270.617384 1.036169 
0.230122 71.599569 270.645501 1.036246 
0.230326 71.604949 270.669110 1.036304 
0.230204 71.600621 270.695338 1.036313 
0.230028 71.595744 270.713724 1.036246 
0.230112 71.607136 270.742004 1.036099 
0.230290 71.613995 270.769813 1.036043 
0.230138 71.608817 270.788359 1.036050 
0.230214 71.614046 270.814001 1.036237 
0.230255 71.614436 270.829496 1.036269 
0.230438 71.615795 270.858548 1.036092 
0.230244 71.621080 270.881270 1.036105 
0.229992 71.615761 270.899698 1.036096 
0.230077 71.615985 270.936217 1.036098 
0.230178 71.621998 270.960025 1.036276 
0.230169 71.620249 270.982242 1.036350 
0.230267 71.624010 271.010131 1.036341 
0.230233 71.621135 271.031648 1.036316 
0.230056 71.627803 271.068379 1.036406 
0.230144 71.624000 271.092276 1.036445 
0.230224 71.621320 271.112249 1.036364 
0.229982 71.620879 271.151556 1.036270 
0.229975 71.623444 271.175697 1.036344 
0.230008 71.618675 271.200541 1.036368 
0.230196 71.616381 271.229504 1.036179 
0.230073 71.621582 271.247013 1.036320 
0.229944 71.616632 271.275044 1.036119 
0.230060 71.614651 271.287904 1.036332 
0.229825 71.611626 271.310829 1.036232 
0.229977 71.623069 271.325299 1.036209 
0.229832 71.607151 271.341218 1.036240 
0.229684 71.610340 271.381944 1.036405 
0.229558 71.607522 271.397584 1.036435 
0.229496 71.614862 271.411437 1.036421 
0.229532 71.610266 271.429205 1.036442 
0.229451 71.609692 271.443308 1.036334 
0.229414 71.606915 271.459340 1.036402 
0.229218 71.609141 271.486045 1.036281 
0.229621 71.609239 271.515916 1.036370 
0.228965 71.611767 271.526934 1.036386 
0.229175 71.612910 271.559503 1.036315 
0.229149 71.612859 271.573098 1.036222 
0.229002 71.613979 271.594522 1.036334 
0.228978 71.607621 271.611698 1.036339 
0.228879 71.615554 271.634932 1.036142 
0.228692 71.610955 271.651758 1.036163 
0.228879 71.607470 271.672806 1.036261 
0.228879 71.615632 271.686702 1.036469 
0.228222 71.627367 271.706071 1.036459 
0.228531 71.621538 271.720813 1.036217 
0.228359 71.621883 271.735853 1.036135 
0.228484 71.624913 271.743911 1.036406 
0.228387 71.627967 271.755125 1.036256 
0.228158 71.627039 271.762895 1.036176 
0.228162 71.629781 271.774487 1.036395 
0.228152 71.635600 271.790112 1.036055 
0.228155 71.634529 271.806305 1.036293 
0.227839 71.641677 271.822572 1.036238 
0.227773 71.648760 271.839260 1.036406 
0.227732 71.652182 271.857215 1.036181 
0.227374 71.655652 271.865670 1.036106 
0.227502 71.654409 271.885770 1.036190 
0.227252 71.656157 271.891741 1.036079 
0.227456 71.658642 271.903192 1.036010 
0.227151 71.655512 271.921745 1.036329 
0.227068 71.659492 271.941899 1.036212 
0.227030 71.663637 271.957246 1.036221 
0.226962 71.670567 271.970941 1.036416 
0.226738 71.673870 272.000165 1.036205 
0.226721 71.667887 272.020132 1.036201 
0.226877 71.666668 272.034031 1.036480 
