0.196863 75.012667 217.314078 1.036205 
0.109964 75.337084 153.091258 1.036313 
0.109997 75.335993 153.033030 1.036454 
0.109941 75.339013 152.965583 1.036247 
0.109903 75.329960 152.908432 1.036249 
0.109796 75.337869 152.859004 1.036298 
0.109874 75.334984 152.785387 1.036417 
0.109670 75.331785 152.721039 1.036391 
0.109731 75.343686 152.663540 1.036518 
0.109739 75.344912 152.598686 1.036432 
0.109670 75.341561 152.545049 1.036511 
0.109665 75.334037 152.480439 1.036364 
0.109648 75.332128 152.421640 1.036351 
0.109676 75.334246 152.366143 1.036165 
0.109746 75.339206 152.303557 1.036208 
0.109384 75.339600 152.251976 1.036255 
0.109613 75.339048 152.191780 1.036253 
0.109651 75.343593 152.138312 1.036340 
0.109716 75.330753 152.084056 1.036384 
0.109470 75.336751 152.034863 1.036399 
0.109421 75.332346 151.974944 1.036601 
0.109654 75.340464 151.919842 1.036403 
0.109470 75.341570 151.860275 1.036414 
0.109517 75.339338 151.811815 1.036493 
0.109595 75.347654 151.756684 1.036441 
0.109392 75.341497 151.705637 1.036813 
0.109396 75.341673 151.663286 1.036415 
0.109397 75.341675 151.611977 1.036565 
0.109341 75.340701 151.561098 1.036490 
0.109179 75.341853 151.520623 1.036393 
0.109185 75.347657 151.464281 1.036407 
0.109340 75.345326 151.425281 1.036420 
0.109242 75.344941 151.365894 1.036331 
0.109057 75.350928 151.320475 1.036137 
0.108951 75.341029 151.279188 1.036391 
0.109475 75.350207 151.231559 1.036316 
0.109053 75.345044 151.180605 1.036403 
0.109087 75.337538 151.145568 1.036409 
0.109129 75.352439 151.097387 1.036500 
0.109054 75.341325 151.051863 1.036364 
0.108870 75.348475 151.007773 1.036460 
0.109086 75.353841 150.962319 1.036472 
0.109134 75.354634 150.923474 1.036460 
0.108866 75.350391 150.882064 1.036470 
0.109119 75.351160 150.833221 1.036264 
0.108945 75.348236 150.799252 1.036152 
0.109055 75.354888 150.747381 1.036394 
0.108909 75.354537 150.695457 1.036467 
0.108827 75.359991 150.660057 1.036239 
0.108859 75.355152 150.607656 1.036386 
0.108810 75.358864 150.567605 1.036420 
0.108612 75.361372 150.536020 1.036540 
0.108768 75.362766 150.479286 1.036544 
0.108788 75.357645 150.434794 1.036389 
0.108735 75.356520 150.391741 1.036352 
0.108867 75.357483 150.354236 1.036366 
0.108765 75.360048 150.303107 1.036531 
0.108611 75.361530 150.262181 1.036344 
0.108682 75.360755 150.216692 1.036238 
0.109040 75.362180 150.176671 1.036173 
0.108608 75.355436 150.143097 1.036304 
0.108572 75.361858 150.103569 1.036237 
0.108526 75.358009 150.066632 1.036223 
0.108755 75.357878 150.033568 1.036301 
0.108922 75.358666 149.985976 1.036254 
0.108632 75.361533 149.957247 1.036390 
0.108775 75.357477 149.920797 1.036480 
0.108411 75.358140 149.889923 1.036510 
0.108259 75.356689 149.850940 1.036571 
0.108538 75.354888 149.809542 1.036510 
0.108640 75.357095 149.784759 1.036564 
0.108372 75.354864 149.752382 1.036147 
0.108601 75.353114 149.714028 1.036358 
0.108605 75.349186 149.681876 1.036216 
0.108443 75.345523 149.642369 1.036188 
0.108582 75.349455 149.598612 1.036385 
0.108730 75.343816 149.572703 1.036365 
0.108417 75.339491 149.532289 1.036402 
0.108676 75.338486 149.487304 1.036469 
0.108399 75.342131 149.456685 1.036315 
0.108508 75.343550 149.409012 1.036462 
0.108354 75.333012 149.360873 1.036497 
0.108519 75.319654 149.320081 1.036487 
0.108341 75.320318 149.275254 1.036457 
0.108541 75.329147 149.225893 1.036507 
0.108296 75.327275 149.188511 1.036616 
0.108592 75.327189 149.141257 1.036572 
0.108676 75.332653 149.099579 1.036440 
0.108597 75.334602 149.047287 1.036550 
0.108604 75.332334 149.011062 1.036694 
0.108511 75.328457 148.966983 1.036624 
0.108622 75.328625 148.920155 1.036386 
0.108736 75.328417 148.874950 1.036471 
0.109008 75.331509 148.836791 1.036521 
0.108626 75.325476 148.782601 1.036528 
0.108656 75.325269 148.740975 1.036349 
0.108672 75.324543 148.697296 1.036406 
0.108876 75.324525 148.659292 1.036511 
0.108762 75.330308 148.614640 1.036424 
0.108789 75.323947 148.579916 1.036543 
0.108658 75.325810 148.533198 1.036534 
0.108715 75.326116 148.490606 1.036509 
0.108923 75.316229 148.447170 1.036506 
0.108692 75.322720 148.419250 1.036511 
0.108778 75.326098 148.383840 1.036638 
0.108796 75.319560 148.341547 1.036522 
0.108644 75.325245 148.310617 1.036387 
0.108738 75.323728 148.270117 1.036332 
0.108808 75.329767 148.242780 1.036597 
0.108793 75.321255 148.203926 1.036583 
0.108906 75.329271 148.168666 1.036382 
0.108974 75.321098 148.136028 1.036531 
0.108960 75.323789 148.095898 1.036177 
0.108970 75.336797 148.068707 1.036269 
0.108907 75.336309 148.038798 1.036111 
0.109109 75.332889 148.001903 1.036292 
0.108925 75.327534 147.968790 1.036287 
0.109115 75.327925 147.938003 1.036202 
0.109226 75.335915 147.899317 1.036317 
0.109139 75.335604 147.860407 1.036547 
0.109268 75.340041 147.819215 1.036307 
0.109104 75.338568 147.787278 1.036519 
0.109248 75.340713 147.756784 1.036253 
0.109247 75.338276 147.717081 1.036448 
0.109167 75.339351 147.683967 1.036605 
0.109204 75.339280 147.640141 1.036410 
0.109183 75.339003 147.602960 1.036307 
0.109303 75.340033 147.561418 1.036325 
0.109347 75.349392 147.525817 1.036282 
0.109342 75.342276 147.496154 1.036426 
0.109420 75.335691 147.464478 1.036500 
0.109483 75.339890 147.417328 1.036551 
0.109633 75.340480 147.389841 1.036459 
0.109429 75.339885 147.355877 1.036577 
0.109519 75.347957 147.314507 1.036538 
0.109741 75.343104 147.278058 1.036504 
0.109854 75.357374 147.240031 1.036383 
0.109645 75.350029 147.199439 1.036209 
0.109944 75.353941 147.166652 1.036225 
0.109948 75.358209 147.136220 1.036588 
0.110257 75.357594 147.093227 1.036487 
0.109884 75.362115 147.056939 1.036522 
0.110007 75.357808 147.018416 1.036356 
0.110214 75.360342 146.986936 1.036346 
0.110318 75.360946 146.941213 1.036455 
0.110180 75.360753 146.910415 1.036621 
0.110235 75.356922 146.860933 1.036427 
0.110165 75.366749 146.831160 1.036480 
0.110352 75.361768 146.794226 1.036374 
0.110340 75.364121 146.752695 1.036346 
0.110412 75.363701 146.715351 1.036465 
0.110416 75.365201 146.682217 1.036455 
0.110381 75.364832 146.635213 1.036417 
0.110572 75.364116 146.598001 1.036310 
0.110510 75.366479 146.553010 1.036308 
0.110397 75.356815 146.524248 1.036551 
0.110274 75.355702 146.489624 1.036489 
0.110424 75.355907 146.448260 1.036452 
0.110536 75.353294 146.413538 1.036221 
0.110304 75.356698 146.374154 1.036473 
0.110382 75.352692 146.338037 1.036358 
0.110429 75.351152 146.309094 1.036345 
0.110170 75.352768 146.270222 1.036238 
0.110244 75.358090 146.237187 1.036443 
0.110332 75.353929 146.203129 1.036056 
0.110412 75.352581 146.166073 1.036348 
0.110208 75.346953 146.138446 1.036098 
0.110400 75.348747 146.112469 1.036394 
0.110202 75.348774 146.082196 1.036460 
0.110341 75.349587 146.052853 1.036743 
0.110427 75.346928 146.018719 1.036457 
0.110437 75.351267 145.991907 1.036513 
0.110374 75.346234 145.981815 1.036392 
0.110414 75.346766 145.950761 1.036465 
0.110570 75.338416 145.918744 1.036363 
0.110461 75.345661 145.890184 1.036547 
0.110523 75.348163 145.875241 1.036460 
0.110547 75.350850 145.853119 1.036342 
0.110487 75.347722 145.827632 1.036648 
0.110592 75.336082 145.801157 1.036428 
0.110426 75.338310 145.776291 1.036385 
0.110339 75.342891 145.753248 1.036331 
0.110350 75.347690 145.731459 1.036419 
0.110523 75.340869 145.701285 1.036400 
0.110254 75.342631 145.684948 1.036394 
0.110396 75.342642 145.650838 1.036540 
0.110572 75.338074 145.626948 1.036300 
0.110255 75.337251 145.603178 1.036464 
0.110404 75.333880 145.564445 1.036394 
0.110256 75.335791 145.545301 1.036303 
0.110260 75.338315 145.516907 1.036362 
0.110477 75.337315 145.489063 1.036492 
0.110290 75.334788 145.461341 1.036369 
0.110614 75.333837 145.420269 1.036677 
0.110436 75.329272 145.403219 1.036583 
0.110474 75.334826 145.373286 1.036492 
0.110521 75.337943 145.349086 1.036469 
0.110521 75.334528 145.323725 1.036488 
0.110487 75.330380 145.293282 1.036386 
0.110802 75.335795 145.271412 1.036482 
