0.159200 73.608214 186.304801 1.036221 
0.133167 73.818379 169.091430 1.036167 
0.133309 73.822749 169.027967 1.036470 
0.133060 73.828339 168.983496 1.035977 
0.133206 73.823006 168.918707 1.036294 
0.133262 73.812320 168.865853 1.036265 
0.133132 73.812503 168.809573 1.036305 
0.133043 73.825673 168.758900 1.036321 
0.133125 73.829700 168.711862 1.036208 
0.133150 73.819018 168.644560 1.036262 
0.133075 73.827327 168.601651 1.036318 
0.132982 73.822099 168.544911 1.036163 
0.133022 73.820262 168.476710 1.036151 
0.132956 73.822839 168.427241 1.036281 
0.133013 73.827326 168.382412 1.036207 
0.132926 73.830386 168.323664 1.036133 
0.133016 73.837202 168.271550 1.036387 
0.133084 73.841787 168.221693 1.036325 
0.133031 73.842609 168.167846 1.036279 
0.133003 73.840723 168.115162 1.036335 
0.133012 73.842816 168.062064 1.036310 
0.133220 73.847879 168.005045 1.036338 
0.133472 73.846865 167.955909 1.036245 
0.133343 73.844703 167.906844 1.036156 
0.133310 73.847636 167.859806 1.036297 
0.133557 73.855662 167.800574 1.036330 
0.133636 73.853883 167.750402 1.036166 
0.133321 73.853524 167.700093 1.035983 
0.133504 73.852108 167.653173 1.036322 
0.133594 73.839607 167.598702 1.036198 
0.133416 73.856886 167.556013 1.036261 
0.133683 73.854532 167.508685 1.036244 
0.133576 73.861119 167.453980 1.036316 
0.133574 73.854957 167.422093 1.036191 
0.133679 73.858597 167.366673 1.036341 
0.133444 73.857280 167.329442 1.036285 
0.133710 73.859996 167.284536 1.036484 
0.133796 73.863027 167.239923 1.036401 
0.133766 73.858880 167.192610 1.036365 
0.133721 73.861860 167.145192 1.036170 
0.133925 73.857842 167.105861 1.036138 
0.133966 73.854856 167.053731 1.036119 
0.134075 73.861787 167.012160 1.036311 
0.134341 73.860379 166.959460 1.036482 
0.134206 73.863442 166.918474 1.036149 
0.134329 73.862478 166.875252 1.036168 
0.134359 73.864008 166.833122 1.036422 
0.134290 73.860395 166.783676 1.036538 
0.134347 73.848019 166.745432 1.036282 
0.134627 73.868035 166.699792 1.036384 
0.134656 73.860108 166.654832 1.036359 
0.134880 73.862284 166.614350 1.036179 
0.134730 73.861469 166.580760 1.036190 
0.134793 73.865716 166.534956 1.036372 
0.134740 73.858126 166.494666 1.036202 
0.134857 73.864641 166.461992 1.036367 
0.135051 73.859194 166.417964 1.036401 
0.135229 73.865107 166.374709 1.036416 
0.135080 73.867143 166.345813 1.036140 
0.135046 73.864806 166.303703 1.036317 
0.135019 73.863050 166.256862 1.036443 
0.135292 73.865730 166.217755 1.036403 
0.135323 73.865648 166.178725 1.036302 
0.135129 73.867213 166.138426 1.036158 
0.135067 73.867223 166.095557 1.036379 
0.135334 73.869645 166.067311 1.036435 
0.135727 73.863333 166.025443 1.036180 
0.135430 73.863619 165.981569 1.036286 
0.135421 73.860237 165.943231 1.036388 
0.135273 73.868213 165.903940 1.036129 
0.135351 73.859265 165.863100 1.036378 
0.135518 73.860220 165.825400 1.036256 
0.135503 73.858153 165.784843 1.036402 
0.135684 73.855490 165.743847 1.036318 
0.135517 73.858582 165.709627 1.036285 
0.135485 73.850290 165.669085 1.036042 
0.135702 73.853460 165.633823 1.036178 
0.135482 73.850094 165.594760 1.036338 
0.135484 73.846300 165.559581 1.036446 
0.135688 73.854189 165.521678 1.036384 
0.135737 73.843590 165.480773 1.036540 
0.135537 73.851267 165.438710 1.036400 
0.135741 73.847424 165.403892 1.036246 
0.135693 73.850881 165.371868 1.036272 
0.135410 73.847098 165.339225 1.036360 
0.135689 73.844314 165.296430 1.036328 
0.135639 73.850909 165.257270 1.036399 
0.135633 73.847615 165.213386 1.036222 
0.135543 73.845200 165.184879 1.036215 
0.135602 73.844254 165.143021 1.036141 
0.135528 73.845544 165.111090 1.036091 
0.135608 73.844385 165.083344 1.036190 
0.135546 73.839209 165.041984 1.036199 
0.135230 73.843129 165.014385 1.036242 
0.135281 73.837364 164.971023 1.036287 
0.135378 73.840315 164.939820 1.036233 
0.135304 73.837208 164.903855 1.036397 
0.135294 73.839279 164.872223 1.036313 
0.135339 73.839213 164.834167 1.036189 
0.135054 73.835611 164.799738 1.036513 
0.135245 73.831535 164.773805 1.036179 
0.134848 73.838285 164.734314 1.036422 
0.134748 73.832342 164.700040 1.036249 
0.134974 73.834940 164.667289 1.036224 
0.134443 73.829897 164.632296 1.036338 
0.134708 73.824517 164.605317 1.036402 
0.134639 73.827744 164.569403 1.036349 
0.134535 73.830398 164.532670 1.036348 
0.134555 73.834087 164.499561 1.036512 
0.134560 73.838092 164.475370 1.036357 
0.134559 73.834299 164.439245 1.036221 
0.134591 73.834243 164.408342 1.036129 
0.134278 73.836361 164.377121 1.036296 
0.134555 73.839611 164.342118 1.036441 
0.134183 73.844033 164.314789 1.036181 
0.134328 73.846318 164.276143 1.036277 
0.134457 73.847534 164.249599 1.036379 
0.134089 73.848177 164.211185 1.036553 
0.134483 73.843472 164.177646 1.036390 
0.134314 73.848242 164.143884 1.036462 
0.134294 73.841907 164.112836 1.036327 
0.134248 73.846808 164.078259 1.036270 
0.133950 73.849771 164.057480 1.036316 
0.133978 73.847812 164.031127 1.036159 
0.133952 73.848767 163.998727 1.036098 
0.133895 73.843264 163.966643 1.036255 
0.133736 73.851448 163.940964 1.036047 
0.134069 73.856230 163.906918 1.036318 
0.133781 73.846031 163.892237 1.036098 
0.133703 73.849376 163.849675 1.036247 
0.133449 73.854703 163.832335 1.036322 
0.133678 73.852099 163.793863 1.036288 
0.133579 73.859970 163.760215 1.036120 
0.133288 73.853291 163.738926 1.036144 
0.133095 73.849001 163.711926 1.036269 
0.133359 73.857265 163.688011 1.036207 
0.133273 73.855707 163.664231 1.036262 
0.133281 73.861972 163.636257 1.036349 
0.132933 73.854595 163.611628 1.036354 
0.132954 73.853414 163.579781 1.036481 
0.132945 73.860312 163.553833 1.036355 
0.132511 73.854657 163.526444 1.036362 
0.132720 73.863698 163.501914 1.036255 
0.132510 73.862998 163.481213 1.036092 
0.132470 73.862061 163.452449 1.035987 
0.132147 73.856103 163.422720 1.036376 
0.132399 73.855933 163.394548 1.036342 
0.132306 73.862430 163.377298 1.036363 
0.132213 73.859024 163.334656 1.036272 
0.132133 73.862109 163.323079 1.036184 
0.132189 73.866840 163.297802 1.036224 
0.131911 73.867917 163.272796 1.036260 
0.131894 73.868669 163.249567 1.036449 
0.131755 73.864173 163.223593 1.036129 
0.131744 73.866304 163.202143 1.036403 
0.131587 73.872372 163.169421 1.036255 
0.131896 73.873869 163.148455 1.036310 
0.131640 73.867239 163.126299 1.036283 
0.131474 73.870844 163.101592 1.036387 
0.131666 73.876917 163.073980 1.036299 
0.131354 73.878680 163.048926 1.036366 
0.131268 73.872100 163.030120 1.036253 
0.131570 73.875611 162.993850 1.036169 
0.131383 73.874004 162.971200 1.036090 
0.131286 73.874366 162.949644 1.036060 
0.131564 73.880707 162.924642 1.036084 
0.131341 73.881382 162.899370 1.036142 
0.131245 73.881209 162.874951 1.036262 
0.131016 73.882399 162.857248 1.036259 
0.131136 73.883417 162.836272 1.036399 
0.131192 73.882504 162.805764 1.036546 
0.131002 73.888614 162.781376 1.036321 
0.131122 73.883850 162.755009 1.036246 
0.131203 73.887591 162.742191 1.036303 
0.130844 73.888992 162.712073 1.036240 
0.131071 73.877547 162.687141 1.036252 
0.131123 73.885528 162.672939 1.036332 
0.130986 73.878392 162.643603 1.036384 
0.130834 73.877326 162.626822 1.036234 
0.130808 73.880099 162.599018 1.036390 
0.130747 73.884465 162.581608 1.036293 
0.130970 73.886599 162.565380 1.036271 
0.130683 73.885694 162.540364 1.036485 
0.130830 73.884774 162.521418 1.036357 
0.130884 73.891856 162.497766 1.036436 
0.130913 73.884608 162.478726 1.036372 
0.130714 73.888872 162.456725 1.036323 
0.130837 73.887323 162.437214 1.036383 
0.130999 73.879747 162.417691 1.036344 
0.130790 73.883051 162.385341 1.036355 
0.130797 73.886662 162.378694 1.036414 
0.130857 73.878925 162.355750 1.036386 
0.130563 73.875569 162.337773 1.036426 
0.130847 73.883610 162.323613 1.036474 
0.130736 73.885510 162.294824 1.036305 
0.130848 73.884136 162.276626 1.036254 
0.130590 73.885164 162.250209 1.036229 
0.130987 73.892928 162.229166 1.036308 
0.130813 73.889561 162.204446 1.036315 
0.130704 73.886566 162.187640 1.036364 
