0.098045 74.143934 129.240183 1.036096 
0.113219 73.929170 145.269527 1.036473 
0.113179 73.940505 145.242181 1.036329 
0.113204 73.942943 145.215927 1.036172 
0.113116 73.937403 145.184802 1.036250 
0.113117 73.941792 145.156948 1.036393 
0.112908 73.945107 145.134953 1.036200 
0.112942 73.945720 145.108594 1.036370 
0.113055 73.946599 145.076296 1.036356 
0.112942 73.951881 145.053402 1.036334 
0.112894 73.951270 145.028229 1.036303 
0.112850 73.948068 145.002900 1.036313 
0.112721 73.952634 144.974172 1.036480 
0.112694 73.957136 144.946296 1.036419 
0.112663 73.964195 144.920898 1.036335 
0.112771 73.957014 144.895078 1.036345 
0.112764 73.964173 144.864562 1.036406 
0.112770 73.959060 144.845172 1.036266 
0.112902 73.962785 144.820173 1.036615 
0.112721 73.962190 144.797528 1.036467 
0.113047 73.964323 144.772095 1.036266 
0.112665 73.969918 144.738834 1.036097 
0.112737 73.959648 144.724286 1.036488 
0.112725 73.971439 144.686306 1.036375 
0.113043 73.972061 144.666063 1.036229 
0.112991 73.974691 144.645578 1.036185 
0.112983 73.969646 144.606916 1.036392 
0.112917 73.967027 144.579262 1.036233 
0.113170 73.977610 144.568020 1.036317 
0.112929 73.975976 144.532543 1.036160 
0.113026 73.979863 144.504401 1.036268 
0.112863 73.962599 144.481208 1.036387 
0.112926 73.967132 144.451546 1.036292 
0.112802 73.972469 144.422459 1.036342 
0.112905 73.976028 144.387148 1.036452 
0.112846 73.972197 144.361581 1.036228 
0.112642 73.973687 144.332582 1.036329 
0.112911 73.972977 144.314194 1.036416 
0.112849 73.968655 144.273536 1.036439 
0.112783 73.970696 144.253300 1.036303 
0.112498 73.967734 144.224924 1.036334 
0.112363 73.971071 144.198507 1.036257 
0.112490 73.973841 144.182049 1.036254 
0.112312 73.969523 144.151104 1.036321 
0.112607 73.976138 144.129761 1.036277 
0.112032 73.978911 144.098926 1.036253 
0.112280 73.969845 144.078602 1.036269 
0.112291 73.984135 144.049020 1.036246 
0.112272 73.984822 144.032889 1.036243 
0.112213 73.985084 144.001568 1.036281 
0.112000 73.980814 143.975671 1.036386 
0.112031 73.977708 143.952530 1.036263 
0.111814 73.984436 143.926757 1.036460 
0.111959 73.978293 143.902570 1.036331 
0.111896 73.976565 143.874793 1.036340 
0.111802 73.976482 143.852854 1.036397 
0.111766 73.979862 143.817295 1.036268 
0.112027 73.975135 143.806604 1.036393 
0.111749 73.979816 143.785494 1.036387 
0.111782 73.980708 143.760426 1.036289 
0.112054 73.977273 143.739633 1.036417 
0.111826 73.976355 143.718026 1.036416 
0.111848 73.978204 143.688583 1.036315 
0.112011 73.980831 143.668765 1.036281 
0.111795 73.979275 143.641858 1.036394 
0.111941 73.983920 143.622107 1.036389 
0.111952 73.983352 143.597020 1.036548 
0.112041 73.985618 143.579616 1.036410 
0.112153 73.986540 143.559682 1.036351 
0.112024 73.988515 143.538787 1.036356 
0.112018 73.992972 143.508536 1.036277 
0.112237 73.991060 143.484870 1.036104 
0.112321 73.983654 143.465140 1.036387 
0.112349 73.987413 143.443817 1.036253 
0.112181 73.990584 143.422411 1.036193 
0.112143 73.981922 143.399905 1.036254 
0.112500 73.981098 143.377988 1.036219 
0.112195 73.981178 143.362848 1.036179 
0.112445 73.981576 143.336403 1.036176 
0.112441 73.985843 143.321723 1.036110 
0.112345 73.978635 143.294336 1.036198 
0.112354 73.987440 143.283068 1.036299 
0.112711 73.984406 143.252738 1.036162 
0.112685 73.983673 143.243946 1.036268 
0.112538 73.989596 143.216288 1.036184 
0.112695 73.990438 143.211574 1.036365 
0.112624 73.987297 143.189255 1.036364 
0.112568 73.989273 143.169713 1.036286 
0.112477 73.987355 143.153345 1.036440 
0.112683 73.986266 143.133418 1.036389 
0.112671 73.983535 143.115239 1.036430 
0.112780 73.988711 143.104201 1.036423 
0.112759 73.985861 143.083058 1.036394 
0.112978 73.984947 143.067465 1.036317 
0.112721 73.980727 143.047885 1.036478 
0.113159 73.984370 143.025092 1.036283 
0.112779 73.983946 142.997825 1.036264 
0.112865 73.989517 142.990399 1.036491 
0.112921 73.978102 142.980725 1.036457 
0.112879 73.974831 142.955254 1.036636 
0.113089 73.976651 142.937308 1.036412 
0.113022 73.981697 142.924623 1.036486 
0.112935 73.978973 142.902948 1.036493 
0.112671 73.983556 142.889824 1.036413 
0.112940 73.976954 142.876404 1.036390 
0.113201 73.972439 142.854515 1.036578 
0.113097 73.969812 142.840190 1.036283 
0.113156 73.969808 142.827887 1.036392 
0.112935 73.968747 142.808596 1.036316 
0.112976 73.975036 142.806306 1.036335 
0.112959 73.967768 142.788285 1.036356 
0.113267 73.966098 142.760393 1.036201 
0.113146 73.967308 142.742254 1.036204 
0.113022 73.966499 142.727622 1.036347 
0.113415 73.959101 142.703691 1.036286 
0.113183 73.959289 142.686105 1.036362 
0.113221 73.960966 142.668279 1.036367 
0.113223 73.962009 142.658992 1.036318 
0.113266 73.960315 142.630122 1.036182 
0.113574 73.958979 142.617381 1.036356 
0.113365 73.956112 142.594974 1.036284 
0.113494 73.957044 142.573772 1.036595 
0.113665 73.950329 142.555098 1.036489 
0.113460 73.951212 142.544028 1.036366 
0.113411 73.954575 142.510536 1.036572 
0.113724 73.951804 142.494551 1.036468 
0.113278 73.952626 142.481456 1.036344 
0.113473 73.953115 142.449707 1.036395 
0.113211 73.951219 142.437016 1.036255 
0.113437 73.944328 142.413267 1.036284 
0.113464 73.947800 142.393286 1.036406 
0.113641 73.944151 142.372440 1.036316 
0.113439 73.946924 142.355778 1.036331 
0.113319 73.944288 142.328292 1.036475 
0.113227 73.946763 142.306691 1.036458 
0.113202 73.939746 142.275721 1.036332 
0.112862 73.945330 142.252609 1.036438 
0.113152 73.942848 142.237456 1.036447 
0.112955 73.941488 142.211732 1.036309 
0.113139 73.941471 142.192826 1.036351 
0.112914 73.944813 142.172097 1.036478 
0.112911 73.941943 142.158413 1.036467 
0.112886 73.939286 142.148290 1.036429 
0.112896 73.950728 142.134347 1.036315 
0.112785 73.943231 142.120825 1.036291 
0.112692 73.951098 142.106180 1.036263 
0.112663 73.954315 142.091299 1.036441 
0.112624 73.943318 142.077030 1.036488 
0.112500 73.951385 142.064341 1.036382 
0.112702 73.953396 142.051175 1.036554 
0.112468 73.950181 142.043857 1.036405 
0.112782 73.941301 142.027265 1.036546 
0.112532 73.945145 142.013112 1.036407 
0.112736 73.945918 142.002353 1.036334 
0.112432 73.949842 142.005727 1.036360 
0.112422 73.950052 141.995729 1.036421 
0.112613 73.954394 141.982982 1.036345 
0.112535 73.951152 141.969152 1.036561 
0.112569 73.948827 141.954868 1.036412 
0.112643 73.950302 141.947749 1.036561 
0.112592 73.946845 141.937477 1.036380 
0.112627 73.945335 141.916095 1.036322 
0.112568 73.952253 141.900077 1.036404 
0.112792 73.951997 141.888698 1.036433 
0.112818 73.948384 141.872495 1.036375 
0.112724 73.946608 141.860852 1.036299 
0.112343 73.950557 141.847896 1.036296 
0.112820 73.950777 141.838406 1.036359 
0.112711 73.947035 141.819028 1.036430 
0.112444 73.952558 141.809311 1.036319 
0.112477 73.952470 141.798821 1.036344 
0.112443 73.948813 141.779790 1.036301 
0.112315 73.947917 141.773186 1.036337 
0.112562 73.950693 141.769598 1.036281 
0.112270 73.953544 141.755812 1.036470 
0.112518 73.955179 141.750796 1.036357 
0.112556 73.950087 141.736813 1.036414 
0.112095 73.953910 141.732254 1.036373 
0.112267 73.954281 141.721428 1.036452 
0.112512 73.954640 141.703932 1.036329 
0.112194 73.955438 141.694737 1.036405 
0.112199 73.953525 141.683957 1.036457 
0.112168 73.956094 141.680977 1.036519 
0.112224 73.955095 141.672070 1.036169 
0.112256 73.959449 141.674936 1.036320 
0.112328 73.955220 141.663125 1.036222 
0.112136 73.955478 141.660394 1.036148 
0.112181 73.949538 141.648131 1.036202 
0.112194 73.961734 141.642280 1.036262 
0.112262 73.960427 141.639833 1.036161 
0.111971 73.963059 141.633225 1.036272 
0.112169 73.950879 141.633118 1.036244 
0.111919 73.953889 141.632643 1.036364 
0.112099 73.957963 141.622671 1.036202 
0.112034 73.960363 141.611932 1.036198 
0.112078 73.953041 141.594874 1.036235 
0.111797 73.947512 141.589337 1.036335 
0.111891 73.951935 141.576562 1.036452 
0.111866 73.952583 141.572344 1.036286 
0.111800 73.954627 141.576286 1.036505 
