0.192007 74.148401 164.335581 1.036674 
0.192010 74.150755 164.533433 1.036578 
0.192304 74.143514 164.735837 1.036774 
0.192473 74.138885 164.929451 1.036619 
0.192834 74.144429 165.116790 1.036588 
0.192730 74.143602 165.320449 1.036746 
0.192989 74.145832 165.505316 1.036480 
0.193278 74.147976 165.691583 1.036509 
0.193516 74.142329 165.879501 1.036419 
0.193817 74.133236 166.082800 1.036565 
0.193855 74.140679 166.252781 1.036600 
0.194144 74.126438 166.440403 1.036834 
0.193967 74.133280 166.632075 1.036781 
0.194406 74.128420 166.800882 1.036768 
0.194531 74.128665 166.995939 1.036501 
0.194475 74.120028 167.170626 1.036505 
0.194749 74.123237 167.352851 1.036461 
0.194832 74.117170 167.530909 1.036575 
0.195140 74.114206 167.707451 1.036460 
0.195112 74.122069 167.895078 1.036540 
0.195206 74.122288 168.063673 1.036318 
0.195398 74.119700 168.247801 1.036605 
0.195443 74.117541 168.417873 1.036497 
0.195540 74.127234 168.593205 1.036572 
0.195624 74.115633 168.757503 1.036492 
0.195890 74.112554 168.924334 1.036461 
0.195852 74.113606 169.092496 1.036615 
0.195850 74.112785 169.264032 1.036608 
0.196093 74.111207 169.431636 1.036633 
0.196008 74.110404 169.594814 1.036720 
0.195987 74.113385 169.761377 1.036742 
0.196455 74.112738 169.930025 1.036612 
0.196476 74.108338 170.090789 1.036732 
0.196431 74.113694 170.250318 1.036739 
0.196601 74.111971 170.413370 1.036878 
0.196415 74.105407 170.570611 1.036813 
0.196851 74.112279 170.732466 1.036599 
0.196934 74.106191 170.890752 1.036778 
0.196807 74.109494 171.055436 1.036754 
0.197197 74.113390 171.209989 1.036724 
0.196974 74.107543 171.365718 1.036677 
0.197361 74.104543 171.527049 1.036734 
0.197404 74.097695 171.672223 1.036716 
0.197444 74.096247 171.838394 1.036512 
0.197502 74.097564 171.994931 1.036814 
0.197516 74.096002 172.140271 1.036750 
0.197471 74.101824 172.305097 1.036686 
0.197591 74.098164 172.446610 1.036672 
0.197533 74.095571 172.599816 1.036751 
0.197845 74.104846 172.757458 1.036813 
0.197821 74.104099 172.903547 1.036702 
0.198027 74.101613 173.058573 1.036602 
0.198250 74.105241 173.212437 1.036710 
0.198042 74.098033 173.363417 1.036430 
0.198136 74.112721 173.509220 1.036584 
0.198360 74.106355 173.662818 1.036646 
0.198473 74.102688 173.812058 1.036465 
0.198425 74.107855 173.961452 1.036562 
0.198686 74.111050 174.114876 1.036729 
0.198649 74.105245 174.257902 1.036598 
0.198793 74.112809 174.411209 1.036595 
0.198768 74.106829 174.555525 1.036664 
0.198922 74.103512 174.699559 1.036701 
0.198896 74.110269 174.847454 1.036746 
0.199062 74.121841 174.985907 1.036381 
0.198895 74.119334 175.133318 1.036620 
0.199129 74.122228 175.271688 1.036730 
0.199324 74.124131 175.403507 1.036457 
0.199057 74.131403 175.536463 1.036587 
0.199206 74.128868 175.676330 1.036503 
0.199002 74.120017 175.805836 1.036644 
0.199294 74.133517 175.940291 1.036639 
0.199171 74.128990 176.074180 1.036748 
0.199187 74.131875 176.196328 1.036693 
0.199256 74.124772 176.332854 1.036703 
0.199258 74.124997 176.466571 1.036685 
0.199425 74.122751 176.586265 1.036770 
0.199522 74.135905 176.709968 1.036730 
0.199454 74.126456 176.837467 1.036670 
0.199457 74.132283 176.965582 1.036829 
0.199553 74.129989 177.095575 1.036876 
0.199909 74.125430 177.223307 1.036544 
0.199591 74.123393 177.340113 1.036545 
0.199685 74.117167 177.464945 1.036714 
0.199727 74.116858 177.596880 1.036819 
0.199909 74.115006 177.715973 1.036793 
0.200059 74.117440 177.840828 1.036928 
0.200051 74.126719 177.967550 1.036637 
0.200020 74.120004 178.082244 1.036745 
0.200407 74.116815 178.197436 1.036740 
0.200216 74.114654 178.317642 1.036641 
0.200497 74.128672 178.441536 1.036691 
0.200493 74.119774 178.562344 1.036746 
0.200933 74.118322 178.675295 1.036654 
0.200525 74.115828 178.801071 1.036527 
0.200776 74.120924 178.908765 1.036558 
0.200764 74.113808 179.018329 1.036571 
0.200929 74.120059 179.132409 1.036606 
0.201203 74.119215 179.247714 1.036682 
0.201302 74.119566 179.358590 1.036651 
0.200979 74.123429 179.473531 1.036466 
0.201335 74.117605 179.579460 1.036770 
0.201263 74.112514 179.690614 1.036586 
0.201495 74.121003 179.802445 1.036657 
0.201194 74.119962 179.910224 1.036704 
0.201481 74.125110 180.021527 1.036616 
0.201690 74.125879 180.138504 1.036527 
0.201538 74.130511 180.244593 1.036652 
0.201555 74.129038 180.352678 1.036854 
0.201980 74.129191 180.460942 1.036594 
0.201534 74.133108 180.572525 1.036487 
0.201553 74.139954 180.681525 1.036471 
0.201559 74.133349 180.786502 1.036704 
0.201808 74.129047 180.895592 1.036593 
0.201767 74.133776 181.007546 1.036633 
0.201801 74.141894 181.113473 1.036686 
0.201952 74.134994 181.221139 1.036715 
0.201818 74.138514 181.314972 1.036428 
0.201993 74.134156 181.412231 1.036785 
0.201887 74.140097 181.514401 1.036595 
0.202065 74.134043 181.612395 1.036484 
0.201659 74.141377 181.718473 1.036466 
0.201894 74.136981 181.815497 1.036543 
0.201962 74.135781 181.908586 1.036487 
0.202293 74.146144 182.011778 1.036722 
0.202226 74.137323 182.096243 1.036656 
0.201768 74.126107 182.199777 1.036770 
0.202013 74.132563 182.290953 1.036709 
0.202068 74.134044 182.382966 1.036602 
0.202201 74.128091 182.479212 1.036659 
0.201836 74.140669 182.571496 1.036681 
0.201773 74.139006 182.670413 1.036659 
0.202095 74.131773 182.757549 1.036567 
0.201876 74.138771 182.851936 1.036503 
0.202118 74.130485 182.932256 1.036694 
0.202036 74.135170 183.027971 1.036661 
0.201974 74.127404 183.107160 1.036468 
0.201942 74.137209 183.202456 1.036682 
0.201798 74.130398 183.282786 1.036673 
0.201984 74.136214 183.371149 1.036684 
0.202013 74.133919 183.461810 1.036637 
0.201939 74.145238 183.555524 1.036599 
0.201812 74.142060 183.635848 1.036689 
0.201960 74.130913 183.722659 1.036704 
0.202019 74.133677 183.810232 1.036685 
0.201809 74.134314 183.891318 1.036899 
0.201878 74.132573 183.976817 1.036626 
0.201727 74.132840 184.063506 1.036714 
0.201693 74.138994 184.153416 1.036577 
0.201629 74.133755 184.247703 1.036588 
0.201863 74.139722 184.331241 1.036700 
0.201793 74.132319 184.414668 1.036402 
0.201725 74.133615 184.502251 1.036585 
0.201674 74.131637 184.593565 1.036566 
0.201879 74.125637 184.668201 1.036671 
0.201586 74.128132 184.761206 1.036653 
0.201617 74.120305 184.845882 1.036550 
0.201520 74.115793 184.928351 1.036721 
0.201463 74.114010 185.007938 1.036573 
0.201612 74.126883 185.108247 1.036629 
0.201592 74.128788 185.194995 1.036617 
0.201526 74.130344 185.274184 1.036748 
0.201588 74.123243 185.358169 1.036682 
0.201579 74.139563 185.450763 1.036661 
0.201615 74.127767 185.527762 1.036706 
0.201501 74.120430 185.606011 1.036624 
0.201684 74.130681 185.690038 1.036582 
0.201615 74.132222 185.770864 1.036758 
0.201728 74.131662 185.852710 1.036636 
0.201830 74.132916 185.937067 1.036603 
0.201681 74.132338 186.012595 1.036640 
0.201818 74.133018 186.094522 1.036630 
0.201753 74.136126 186.175063 1.036654 
0.201939 74.133780 186.261417 1.036645 
0.201575 74.140630 186.331802 1.036864 
0.201668 74.138223 186.415703 1.036855 
0.201811 74.139479 186.490877 1.036755 
0.201728 74.140189 186.561979 1.036760 
0.201895 74.146845 186.650730 1.036625 
0.201477 74.140102 186.728466 1.036893 
0.201700 74.150860 186.812297 1.036785 
0.201743 74.141973 186.887277 1.036630 
0.201709 74.148327 186.953755 1.036539 
0.201747 74.148075 187.039010 1.036770 
0.201476 74.153517 187.111561 1.036777 
0.201532 74.162025 187.196834 1.036901 
0.201617 74.146560 187.267273 1.036772 
0.201459 74.157980 187.346450 1.036744 
0.201532 74.154019 187.423010 1.036661 
0.201466 74.157536 187.504420 1.036617 
0.201752 74.165616 187.588793 1.036731 
0.201544 74.163157 187.667232 1.036545 
0.201552 74.173475 187.746445 1.036551 
0.201456 74.170651 187.825281 1.036492 
0.201854 74.184073 187.897190 1.036606 
0.201491 74.176996 187.979426 1.036934 
0.201386 74.171586 188.050890 1.036679 
0.201731 74.177990 188.133579 1.036745 
0.201593 74.187175 188.209821 1.036541 
0.201956 74.187647 188.289013 1.036422 
