0.110466 75.338722 145.250162 1.036406 
0.095155 75.142750 130.220155 1.036197 
0.095036 75.139744 130.078100 1.036327 
0.094774 75.145069 129.949029 1.036268 
0.094429 75.140404 129.819859 1.036253 
0.094472 75.144027 129.696983 1.036270 
0.094260 75.140614 129.573932 1.036297 
0.093776 75.135236 129.447828 1.036386 
0.093785 75.140013 129.330909 1.036344 
0.093722 75.143571 129.202172 1.036265 
0.093550 75.138872 129.090438 1.036528 
0.093207 75.138816 128.967247 1.036418 
0.092980 75.140123 128.838775 1.036327 
0.092798 75.137939 128.732753 1.036297 
0.092543 75.134928 128.614624 1.036484 
0.092586 75.136344 128.507416 1.036384 
0.091982 75.144778 128.391730 1.036429 
0.092095 75.135144 128.283243 1.036508 
0.091810 75.137590 128.176948 1.036360 
0.091601 75.142349 128.059317 1.036519 
0.091481 75.134975 127.943362 1.036446 
0.091385 75.127096 127.818465 1.036416 
0.091293 75.127994 127.714845 1.036271 
0.090976 75.134810 127.606365 1.036258 
0.091150 75.140282 127.499902 1.036348 
0.090765 75.129913 127.389187 1.036346 
0.090687 75.126772 127.268999 1.036491 
0.090507 75.128240 127.163909 1.036317 
0.090469 75.131526 127.052252 1.036453 
0.090197 75.126169 126.946416 1.036541 
0.089890 75.129649 126.838809 1.036446 
0.090027 75.122657 126.720209 1.036487 
0.090044 75.127928 126.625970 1.036376 
0.089812 75.128505 126.526288 1.036356 
0.089602 75.127058 126.414862 1.036231 
0.089390 75.118223 126.314194 1.036499 
0.089189 75.122343 126.207294 1.036376 
0.089406 75.120295 126.107876 1.036365 
0.089460 75.127149 126.007352 1.036437 
0.089235 75.117442 125.916131 1.036499 
0.089134 75.117824 125.816907 1.036351 
0.088862 75.116017 125.711047 1.036311 
0.088895 75.118847 125.614274 1.036191 
0.089000 75.116504 125.512412 1.036194 
0.088643 75.117953 125.420158 1.036221 
0.088685 75.130335 125.310392 1.036329 
0.088597 75.115757 125.213476 1.036261 
0.088620 75.117268 125.118429 1.036120 
0.088669 75.124805 125.016631 1.036320 
0.088399 75.118573 124.916986 1.036215 
0.088340 75.114875 124.817194 1.036241 
0.088416 75.119973 124.720766 1.036350 
0.088138 75.119914 124.625318 1.036277 
0.088032 75.129225 124.525143 1.036279 
0.088246 75.140982 124.438097 1.036306 
0.088059 75.134543 124.339614 1.036323 
0.088106 75.139161 124.243199 1.036333 
0.087927 75.138313 124.147701 1.036160 
0.087905 75.139320 124.051175 1.036318 
0.087846 75.145239 123.955342 1.036526 
0.087590 75.140521 123.863163 1.036269 
0.087649 75.142551 123.769321 1.036417 
0.087296 75.141982 123.678862 1.036403 
0.087493 75.137657 123.582003 1.036472 
0.087396 75.139100 123.489593 1.036367 
0.087361 75.140101 123.399932 1.036595 
0.087191 75.146772 123.297406 1.036507 
0.086990 75.138726 123.201649 1.036491 
0.087063 75.136664 123.120407 1.036248 
0.086871 75.141233 123.022286 1.036116 
0.086739 75.144770 122.932044 1.036275 
0.086696 75.139683 122.834282 1.036428 
0.086442 75.146590 122.748443 1.036441 
0.086435 75.139430 122.651793 1.036440 
0.086610 75.141986 122.567719 1.036445 
0.086437 75.150712 122.473033 1.036337 
0.086148 75.138837 122.390053 1.036348 
0.086244 75.142162 122.300756 1.036309 
0.086103 75.137767 122.217575 1.036461 
0.086087 75.143012 122.130285 1.036430 
0.085983 75.135763 122.044235 1.036435 
0.086056 75.131919 121.956370 1.036412 
0.085740 75.131104 121.874659 1.036480 
0.085527 75.127295 121.792529 1.036393 
0.085797 75.135496 121.716849 1.036571 
0.085741 75.133080 121.632632 1.036383 
0.085744 75.126867 121.555546 1.036396 
0.085621 75.134825 121.462929 1.036348 
0.085358 75.129060 121.388317 1.036391 
0.085293 75.125404 121.310104 1.036321 
0.085333 75.123935 121.224470 1.036405 
0.084924 75.123171 121.152718 1.036429 
0.084865 75.119298 121.074979 1.036563 
0.084707 75.123082 120.999352 1.036340 
0.084754 75.119766 120.912486 1.036496 
0.084671 75.118034 120.836667 1.036433 
0.084277 75.119706 120.759368 1.036272 
0.084332 75.109605 120.682126 1.036316 
0.084008 75.116653 120.609748 1.036422 
0.083697 75.108496 120.525718 1.036309 
0.083757 75.102510 120.447880 1.036396 
0.083632 75.101152 120.376752 1.036362 
0.083815 75.116816 120.301332 1.036442 
0.083486 75.113977 120.227002 1.036349 
0.083466 75.107598 120.145480 1.036209 
0.083637 75.105830 120.074001 1.036414 
0.083529 75.100237 119.993528 1.036391 
0.083329 75.110160 119.927382 1.036441 
0.083479 75.113462 119.860792 1.036648 
0.083615 75.101271 119.788123 1.036392 
0.083223 75.108403 119.717623 1.036472 
0.083417 75.103290 119.652651 1.036370 
0.083455 75.103211 119.577633 1.036427 
0.083353 75.094780 119.499120 1.036367 
0.083434 75.087762 119.431801 1.036487 
0.083397 75.096412 119.364738 1.036550 
0.083292 75.091957 119.299645 1.036477 
0.083200 75.090493 119.230814 1.036511 
0.083145 75.098689 119.159862 1.036480 
0.083247 75.094283 119.089308 1.036492 
0.083138 75.095558 119.029926 1.036483 
0.083289 75.093902 118.960405 1.036277 
0.083243 75.096342 118.887590 1.036451 
0.083257 75.092284 118.827924 1.036517 
0.083236 75.091170 118.754742 1.036491 
0.083260 75.091574 118.695624 1.036488 
0.083265 75.092683 118.629771 1.036568 
0.082939 75.093785 118.557383 1.036443 
0.083190 75.092909 118.485857 1.036408 
0.083253 75.097933 118.421335 1.036516 
0.083458 75.093348 118.352566 1.036367 
0.083312 75.099387 118.297710 1.036296 
0.083277 75.101034 118.226763 1.036364 
0.083157 75.105017 118.165253 1.036264 
0.083469 75.103864 118.108322 1.036305 
0.083232 75.117476 118.045677 1.036261 
0.083465 75.111469 117.982917 1.036318 
0.083257 75.105218 117.927320 1.036382 
0.083331 75.101268 117.859894 1.036460 
0.083283 75.116196 117.798137 1.036162 
0.083615 75.112244 117.734870 1.036163 
0.083500 75.100235 117.669531 1.036384 
0.083527 75.110913 117.615043 1.036440 
0.083514 75.112394 117.557871 1.036315 
0.083495 75.111840 117.495455 1.036206 
0.083584 75.112155 117.434977 1.036333 
0.083514 75.110444 117.372843 1.036314 
0.083406 75.113009 117.315433 1.036413 
0.083472 75.120515 117.259857 1.036334 
0.083332 75.116729 117.197226 1.036269 
0.083528 75.120280 117.139998 1.036475 
0.083294 75.117641 117.080028 1.036492 
0.083283 75.116667 117.028079 1.036604 
0.083455 75.121911 116.968212 1.036461 
0.083312 75.114597 116.907829 1.036544 
0.083251 75.120617 116.853434 1.036497 
0.083433 75.124388 116.799000 1.036438 
0.083258 75.117432 116.745839 1.036425 
0.083395 75.122855 116.686063 1.036394 
0.083388 75.114207 116.630228 1.036517 
0.083429 75.115713 116.572317 1.036484 
0.083198 75.111422 116.518689 1.036614 
0.083493 75.110373 116.464474 1.036515 
0.083460 75.116519 116.405697 1.036511 
0.083285 75.113395 116.349696 1.036480 
0.083437 75.115665 116.298205 1.036462 
0.083579 75.114499 116.235912 1.036349 
0.083391 75.102713 116.177170 1.036584 
0.083832 75.118853 116.118749 1.036444 
0.083832 75.117620 116.067611 1.036382 
0.083865 75.120296 116.021283 1.036388 
0.083574 75.117247 115.962954 1.036395 
0.083921 75.118406 115.917165 1.036355 
0.083852 75.115584 115.862083 1.036437 
0.083630 75.115337 115.813156 1.036484 
0.083738 75.119113 115.759074 1.036356 
0.084079 75.119654 115.712042 1.036327 
0.083745 75.116733 115.656617 1.036423 
0.083931 75.118817 115.612431 1.036366 
0.083925 75.119059 115.549459 1.036438 
0.083723 75.123738 115.503841 1.036529 
0.083814 75.125664 115.449096 1.036569 
0.084080 75.118232 115.400011 1.036402 
0.084342 75.124577 115.348159 1.036421 
0.083943 75.128636 115.293719 1.036487 
0.084176 75.121659 115.244816 1.036526 
0.084218 75.119907 115.197958 1.036425 
0.084189 75.124664 115.139609 1.036552 
0.084438 75.119356 115.098969 1.036496 
0.084533 75.111381 115.038065 1.036539 
0.084563 75.110429 114.989663 1.036586 
0.084563 75.116733 114.950090 1.036543 
0.084532 75.113294 114.890984 1.036560 
0.084714 75.113963 114.842496 1.036497 
0.084552 75.105725 114.802900 1.036531 
0.084539 75.102948 114.758750 1.036479 
0.084594 75.102635 114.704557 1.036483 
0.084713 75.104116 114.651072 1.036562 
0.084862 75.098437 114.609867 1.036300 
0.084764 75.085522 114.560234 1.036215 
