0.085100 75.088577 114.513850 1.036166 
0.199397 75.049221 196.559796 1.036488 
0.199503 75.049503 196.636581 1.036566 
0.199596 75.049201 196.720799 1.036475 
0.199472 75.057472 196.788973 1.036285 
0.199366 75.053416 196.872752 1.036178 
0.199431 75.048768 196.940477 1.036230 
0.199293 75.051571 197.022017 1.036320 
0.199612 75.055743 197.099159 1.036473 
0.199195 75.052160 197.176669 1.036388 
0.199151 75.045394 197.247231 1.036346 
0.199509 75.047581 197.326000 1.036435 
0.199694 75.049167 197.407493 1.036499 
0.199646 75.047998 197.475566 1.036390 
0.199479 75.052116 197.563703 1.036362 
0.199138 75.054022 197.634882 1.036495 
0.199577 75.059115 197.707180 1.036419 
0.199120 75.054836 197.792276 1.036299 
0.199504 75.058622 197.863701 1.036550 
0.199428 75.062336 197.938692 1.036528 
0.199523 75.054897 198.012287 1.036485 
0.199207 75.050281 198.086585 1.036463 
0.199216 75.053435 198.170626 1.036494 
0.199412 75.051005 198.239070 1.036393 
0.199090 75.056368 198.315202 1.036619 
0.199508 75.049582 198.385711 1.036501 
0.199344 75.050399 198.467443 1.036394 
0.199407 75.052910 198.534686 1.036404 
0.199181 75.044306 198.600859 1.036520 
0.199261 75.043637 198.680600 1.036631 
0.199255 75.053617 198.754251 1.036377 
0.199421 75.049067 198.820887 1.036467 
0.199143 75.041467 198.900058 1.036568 
0.199260 75.048474 198.974326 1.036488 
0.199256 75.046746 199.048663 1.036436 
0.199361 75.043129 199.115444 1.036391 
0.199231 75.043113 199.189146 1.036572 
0.199077 75.042870 199.249744 1.036502 
0.199238 75.041680 199.326323 1.036349 
0.199166 75.050052 199.386206 1.036378 
0.199382 75.048751 199.470509 1.036461 
0.199069 75.043288 199.529493 1.036495 
0.199197 75.034931 199.591274 1.036483 
0.199324 75.041784 199.663950 1.036433 
0.199041 75.050891 199.730750 1.036534 
0.199204 75.045113 199.788892 1.036434 
0.199456 75.047909 199.850262 1.036340 
0.199555 75.043452 199.902407 1.036352 
0.199023 75.055935 199.971158 1.036420 
0.199454 75.061756 200.027838 1.036419 
0.199266 75.054072 200.084844 1.036381 
0.199595 75.057452 200.148000 1.036246 
0.199649 75.057010 200.202264 1.036464 
0.199367 75.060289 200.268487 1.036467 
0.199308 75.058830 200.325624 1.036461 
0.199583 75.054794 200.385601 1.036439 
0.199699 75.063523 200.445228 1.036382 
0.199509 75.065855 200.512709 1.036517 
0.199722 75.059540 200.571686 1.036400 
0.199702 75.059989 200.625353 1.036566 
0.199643 75.064604 200.683759 1.036515 
0.199993 75.061679 200.742382 1.036537 
0.199520 75.067682 200.803577 1.036455 
0.199756 75.070732 200.867036 1.036579 
0.199765 75.073823 200.923495 1.036376 
0.200110 75.071176 200.987306 1.036405 
0.200179 75.072653 201.055614 1.036543 
0.200418 75.077190 201.106417 1.036439 
0.200329 75.073277 201.165180 1.036391 
0.200340 75.076011 201.224745 1.036335 
0.200458 75.073699 201.294209 1.036422 
0.200455 75.075960 201.355581 1.036182 
0.200739 75.068903 201.411990 1.036488 
0.200621 75.079206 201.478608 1.036378 
0.200748 75.079954 201.538242 1.036333 
0.200900 75.080178 201.605990 1.036319 
0.200978 75.072458 201.653431 1.036289 
0.201160 75.070501 201.715555 1.036490 
0.200883 75.080841 201.773985 1.036604 
0.201058 75.077996 201.836744 1.036497 
0.201397 75.078992 201.891750 1.036545 
0.201114 75.081266 201.940271 1.036467 
0.201297 75.080108 202.005853 1.036476 
0.201384 75.081152 202.054359 1.036393 
0.201393 75.084493 202.122377 1.036401 
0.201533 75.086741 202.178756 1.036361 
0.201669 75.086050 202.239619 1.036402 
0.201584 75.077600 202.293473 1.036429 
0.201727 75.079863 202.342075 1.036339 
0.202002 75.079042 202.399720 1.036498 
0.201651 75.073092 202.461457 1.036526 
0.201547 75.083215 202.514469 1.036307 
0.201773 75.075694 202.562964 1.036438 
0.201831 75.074080 202.611541 1.036434 
0.201814 75.076804 202.667017 1.036232 
0.201970 75.074916 202.720891 1.036558 
0.201589 75.076243 202.766058 1.036284 
0.201961 75.085869 202.816869 1.036467 
0.201969 75.075190 202.869250 1.036311 
0.201922 75.072311 202.919329 1.036415 
0.201717 75.070829 202.961183 1.036456 
0.201604 75.073220 203.016133 1.036524 
0.201513 75.066825 203.048637 1.036458 
0.201667 75.069026 203.100107 1.036363 
0.201491 75.067447 203.148335 1.036178 
0.201710 75.068876 203.198286 1.036293 
0.201572 75.068452 203.247936 1.036336 
0.201461 75.070099 203.299838 1.036384 
0.201568 75.064216 203.342657 1.036509 
0.201726 75.064733 203.391073 1.036231 
0.201081 75.065027 203.440320 1.036363 
0.201358 75.058223 203.489353 1.036611 
0.201102 75.056598 203.542289 1.036481 
0.201389 75.055840 203.599586 1.036537 
0.200960 75.066905 203.650846 1.036535 
0.200971 75.064554 203.693027 1.036729 
0.201013 75.061934 203.745639 1.036382 
0.200765 75.058767 203.802323 1.036479 
0.200922 75.056039 203.844723 1.036547 
0.200484 75.051851 203.890477 1.036664 
0.200530 75.049908 203.933965 1.036436 
0.200557 75.054401 203.976705 1.036450 
0.200360 75.056045 204.025803 1.036367 
0.200314 75.055643 204.068980 1.036259 
0.200345 75.057976 204.124182 1.036398 
0.200477 75.059212 204.167063 1.036360 
0.200246 75.057107 204.204905 1.036547 
0.200211 75.044732 204.255503 1.036593 
0.200294 75.048254 204.301623 1.036293 
0.200055 75.062328 204.354883 1.036414 
0.200121 75.064208 204.408228 1.036380 
0.200048 75.054094 204.456614 1.036468 
0.199996 75.056594 204.507116 1.036444 
0.199847 75.058085 204.544848 1.036505 
0.200032 75.062612 204.597131 1.036425 
0.199985 75.064073 204.641459 1.036737 
0.199714 75.061252 204.693042 1.036579 
0.199663 75.055758 204.739084 1.036459 
0.199694 75.059743 204.786625 1.036811 
0.199685 75.057535 204.831671 1.036393 
0.199542 75.058704 204.875376 1.036442 
0.199605 75.057523 204.925273 1.036421 
0.199538 75.045500 204.960846 1.036601 
0.199666 75.047384 205.006518 1.036594 
0.199735 75.052534 205.053742 1.036482 
0.199566 75.047999 205.090091 1.036557 
0.199459 75.053545 205.123990 1.036542 
0.199565 75.051000 205.174580 1.036630 
0.199683 75.050853 205.217639 1.036549 
0.199641 75.048806 205.259656 1.036579 
0.199505 75.050849 205.303124 1.036530 
0.199623 75.049883 205.342795 1.036306 
0.199650 75.050275 205.392026 1.036375 
0.199693 75.047725 205.431335 1.036315 
0.199570 75.046153 205.466289 1.036314 
0.199705 75.051992 205.508644 1.036344 
0.199667 75.054485 205.548772 1.036404 
0.199760 75.048545 205.594965 1.036455 
0.199910 75.056922 205.633785 1.036603 
0.199792 75.050893 205.679285 1.036283 
0.199705 75.063367 205.724329 1.036667 
0.199748 75.059262 205.762845 1.036439 
0.199899 75.060219 205.799559 1.036361 
0.199939 75.059988 205.836438 1.036321 
0.200056 75.067748 205.879365 1.036472 
0.199925 75.057983 205.922216 1.036492 
0.199987 75.069694 205.949539 1.036443 
0.200287 75.066123 205.994687 1.036478 
0.200363 75.069039 206.035164 1.036281 
0.200286 75.069157 206.066404 1.036402 
0.200594 75.067386 206.099616 1.036400 
0.200193 75.061773 206.121084 1.036436 
0.200453 75.070889 206.164736 1.036376 
0.200594 75.071685 206.197605 1.036377 
0.200524 75.080227 206.226611 1.036438 
0.200488 75.076466 206.260757 1.036529 
0.200509 75.073117 206.291750 1.036532 
0.200569 75.077362 206.327777 1.036620 
0.200361 75.080446 206.363392 1.036714 
0.200747 75.074549 206.388779 1.036432 
0.200467 75.077838 206.429900 1.036479 
0.200802 75.080240 206.462331 1.036613 
0.200687 75.082699 206.502816 1.036508 
0.200921 75.087658 206.537474 1.036673 
0.200726 75.088609 206.568588 1.036378 
0.200614 75.085508 206.611204 1.036446 
0.200763 75.083238 206.635556 1.036286 
0.200933 75.081436 206.672765 1.036503 
0.200797 75.077518 206.709061 1.036423 
0.200986 75.079638 206.752101 1.036456 
0.200697 75.079549 206.782333 1.036414 
0.201182 75.067422 206.817939 1.036340 
0.200822 75.066487 206.844037 1.036401 
0.200811 75.068817 206.869704 1.036335 
0.200713 75.069488 206.910865 1.036220 
0.200930 75.074834 206.945252 1.036149 
0.200778 75.072151 206.972029 1.036362 
0.200912 75.072004 207.001918 1.036277 
0.200911 75.073933 207.037673 1.036317 
0.200922 75.060406 207.065086 1.036101 
