0.156584 72.985068 198.542502 1.036366 
0.156417 73.492218 187.473542 1.036212 
0.156556 73.494605 187.461072 1.036256 
0.156323 73.502749 187.457707 1.036318 
0.156678 73.503957 187.441921 1.036275 
0.156273 73.502705 187.435102 1.036287 
0.156453 73.505809 187.429379 1.036243 
0.156483 73.505042 187.407906 1.036263 
0.156318 73.506042 187.402950 1.036218 
0.156390 73.500557 187.395621 1.036250 
0.156636 73.506310 187.381946 1.036421 
0.156386 73.504915 187.375102 1.036354 
0.156640 73.496366 187.367922 1.036222 
0.156639 73.504981 187.359253 1.036308 
0.156602 73.509968 187.353284 1.036332 
0.156538 73.506775 187.343472 1.036380 
0.156560 73.507082 187.332881 1.036454 
0.156897 73.504439 187.331040 1.036499 
0.156682 73.501278 187.329810 1.036419 
0.156873 73.506536 187.322099 1.036302 
0.156712 73.508294 187.311334 1.036228 
0.156743 73.498552 187.309117 1.036274 
0.156795 73.496049 187.301712 1.036253 
0.156867 73.502259 187.298685 1.036355 
0.156959 73.493645 187.285485 1.036253 
0.157004 73.495781 187.280305 1.036280 
0.157118 73.498807 187.273338 1.036242 
0.156698 73.492006 187.271803 1.036149 
0.156845 73.497101 187.268356 1.036559 
0.156768 73.498762 187.258596 1.036412 
0.157042 73.498877 187.255133 1.036163 
0.157003 73.497449 187.251822 1.036361 
0.156905 73.501664 187.238520 1.036400 
0.156886 73.500341 187.227710 1.036411 
0.156854 73.497627 187.218897 1.036276 
0.157003 73.492337 187.207567 1.036394 
0.156933 73.497636 187.200136 1.036334 
0.156930 73.486968 187.187226 1.036203 
0.156836 73.491419 187.178714 1.036282 
0.157005 73.494291 187.169657 1.036234 
0.156861 73.486921 187.156436 1.036310 
0.156792 73.488380 187.144963 1.036358 
0.156881 73.492898 187.144598 1.036401 
0.156928 73.492329 187.130031 1.036411 
0.156958 73.491321 187.125156 1.036333 
0.156798 73.496511 187.120154 1.036521 
0.156813 73.494088 187.103988 1.036229 
0.156911 73.501558 187.096783 1.036421 
0.157145 73.495037 187.086144 1.036564 
0.157063 73.500437 187.079474 1.036399 
0.157174 73.506778 187.070687 1.036605 
0.156920 73.504762 187.063962 1.036405 
0.157181 73.501262 187.051771 1.036297 
0.156961 73.506445 187.045254 1.036473 
0.156991 73.505236 187.042562 1.036332 
0.156997 73.504518 187.017567 1.036386 
0.156832 73.501397 187.009048 1.036352 
0.157120 73.495309 187.003764 1.036371 
0.156994 73.503167 186.990159 1.036595 
0.156931 73.504687 186.985322 1.036432 
0.156891 73.504350 186.977796 1.036448 
0.156887 73.506402 186.972569 1.036446 
0.157045 73.510681 186.951635 1.036359 
0.157101 73.500649 186.956973 1.036395 
0.156921 73.504903 186.949439 1.036465 
0.156940 73.502935 186.941150 1.036345 
0.157003 73.511684 186.941847 1.036393 
0.157071 73.511345 186.929583 1.036381 
0.157051 73.515501 186.921912 1.036265 
0.157356 73.514231 186.921280 1.036248 
0.157096 73.508954 186.916632 1.036445 
0.157223 73.509639 186.903705 1.036317 
0.157030 73.514346 186.908386 1.036176 
0.157444 73.506811 186.905201 1.036182 
0.157204 73.510568 186.902083 1.036017 
0.157344 73.505878 186.891260 1.036367 
0.157365 73.508214 186.894026 1.036211 
0.157368 73.513871 186.888359 1.036391 
0.157308 73.516121 186.890127 1.036306 
0.157403 73.520116 186.882306 1.036280 
0.157395 73.512876 186.878037 1.036310 
0.157640 73.507258 186.872430 1.036504 
0.157541 73.513701 186.868588 1.036296 
0.157522 73.507614 186.869560 1.036234 
0.157704 73.505180 186.859352 1.036269 
0.157627 73.496388 186.854646 1.036191 
0.157610 73.507930 186.841774 1.036168 
0.157679 73.502192 186.844165 1.036337 
0.157584 73.499580 186.834942 1.036335 
0.157698 73.502343 186.819712 1.036352 
0.157599 73.491665 186.813081 1.036334 
0.157839 73.498502 186.810214 1.036280 
0.157570 73.491640 186.800451 1.036294 
0.157579 73.493267 186.791305 1.036297 
0.157859 73.488608 186.783462 1.036349 
0.157927 73.482325 186.769487 1.036380 
0.157860 73.482246 186.762836 1.036294 
0.157860 73.479616 186.762242 1.036267 
0.157872 73.483255 186.759059 1.036292 
0.158251 73.480200 186.752863 1.036417 
0.157895 73.475855 186.744438 1.036227 
0.158159 73.474845 186.732844 1.036500 
0.158154 73.476099 186.717578 1.036491 
0.158053 73.479846 186.724930 1.036392 
0.158404 73.481976 186.706856 1.036235 
0.158217 73.480071 186.702319 1.036248 
0.158253 73.482816 186.690511 1.036244 
0.158229 73.481722 186.683403 1.036365 
0.158485 73.487222 186.680052 1.036247 
0.158391 73.491689 186.673165 1.036366 
0.158702 73.487894 186.672384 1.036445 
0.158485 73.492401 186.662815 1.036325 
0.158497 73.497709 186.661402 1.036118 
0.158691 73.500533 186.664166 1.036389 
0.158889 73.502993 186.652443 1.036310 
0.158844 73.506071 186.656232 1.036407 
0.158990 73.508059 186.655945 1.036436 
0.158926 73.510566 186.647391 1.036226 
0.158861 73.514843 186.649913 1.036339 
0.159048 73.513266 186.648677 1.036462 
0.158840 73.511913 186.635265 1.036243 
0.158893 73.518560 186.639306 1.036248 
0.159204 73.518173 186.635606 1.035999 
0.159029 73.517585 186.631939 1.036283 
0.159126 73.519998 186.631548 1.036228 
0.159181 73.514840 186.629844 1.036189 
0.159290 73.524145 186.628209 1.036186 
0.159078 73.515714 186.620996 1.036041 
0.159203 73.516402 186.606483 1.036358 
0.159232 73.508560 186.607057 1.036224 
0.159196 73.515274 186.604999 1.036151 
0.159158 73.510405 186.592346 1.036254 
0.159265 73.511622 186.593217 1.036267 
0.159170 73.517067 186.590055 1.036229 
0.159263 73.520219 186.584815 1.036435 
0.159418 73.515212 186.581994 1.036291 
0.159205 73.517546 186.586084 1.036284 
0.159119 73.514306 186.582605 1.036225 
0.159060 73.516241 186.584513 1.036262 
0.159187 73.523263 186.585753 1.036266 
0.159198 73.521181 186.588579 1.036421 
0.159150 73.512446 186.581909 1.036317 
0.159089 73.517647 186.581424 1.036373 
0.159118 73.516152 186.572795 1.036330 
0.159346 73.523996 186.563640 1.036326 
0.159172 73.527381 186.565216 1.036314 
0.159116 73.531721 186.566071 1.036311 
0.159174 73.533593 186.557681 1.036312 
0.159060 73.523333 186.554543 1.036478 
0.159012 73.533866 186.563476 1.036419 
0.159333 73.536702 186.557454 1.036331 
0.159011 73.539090 186.553523 1.036249 
0.158826 73.541892 186.554515 1.036359 
0.159157 73.550520 186.540206 1.036284 
0.158814 73.548124 186.546352 1.036389 
0.158883 73.547817 186.534937 1.036210 
0.158828 73.550829 186.528708 1.036147 
0.158865 73.558087 186.523044 1.036087 
0.159038 73.559038 186.521457 1.036258 
0.158944 73.554007 186.516239 1.036226 
0.158662 73.557913 186.508253 1.036274 
0.158820 73.559142 186.500605 1.036329 
0.158654 73.566086 186.499248 1.036312 
0.158513 73.569559 186.493783 1.036105 
0.158566 73.575411 186.481410 1.036419 
0.158594 73.584390 186.474031 1.036209 
0.158479 73.580689 186.466601 1.036258 
0.158601 73.579149 186.458337 1.036345 
0.158484 73.581816 186.455143 1.036456 
0.158612 73.588453 186.440506 1.036317 
0.158461 73.593141 186.432963 1.036338 
0.158516 73.592481 186.436482 1.036529 
0.158722 73.590856 186.422652 1.036357 
0.158604 73.590599 186.412618 1.036342 
0.158671 73.599765 186.404462 1.036176 
0.158598 73.599976 186.394844 1.036153 
0.158560 73.600165 186.395697 1.036273 
0.158568 73.608764 186.392553 1.036246 
0.158465 73.617860 186.375370 1.036397 
0.158641 73.607144 186.380955 1.036113 
0.158756 73.610362 186.370037 1.036357 
0.158720 73.612194 186.366558 1.036226 
0.158497 73.611938 186.354206 1.036478 
0.158631 73.611033 186.344572 1.036255 
0.158779 73.615060 186.341529 1.036290 
0.158536 73.618202 186.335413 1.036291 
0.158905 73.615921 186.327194 1.036523 
0.158639 73.612278 186.324955 1.036344 
0.158790 73.613074 186.326297 1.036420 
0.158895 73.606697 186.315408 1.036508 
0.158930 73.613970 186.312543 1.036435 
0.158921 73.611789 186.315347 1.036302 
0.159127 73.618223 186.306436 1.036387 
0.158937 73.615961 186.315213 1.036211 
0.159083 73.612860 186.305082 1.036268 
0.159081 73.613304 186.306269 1.036422 
0.159028 73.617613 186.310525 1.036401 
0.159110 73.611871 186.303192 1.036524 
0.159287 73.618817 186.300717 1.036461 
0.159214 73.606801 186.307036 1.036435 
