0.157190 41.631960 149.611093 1.013001 
0.116881 46.519492 200.688683 1.013204 
0.114711 46.526148 200.704697 1.012895 
0.113285 46.536225 200.703721 1.012960 
0.111896 46.531046 200.715523 1.013165 
0.110604 46.543205 200.732379 1.013324 
0.109724 46.557149 200.733617 1.013022 
0.109326 46.554034 200.748332 1.013121 
0.108066 46.557868 200.756020 1.013078 
0.108028 46.556968 200.764218 1.012919 
0.107867 46.567417 200.778732 1.013179 
0.107495 46.573671 200.783780 1.013270 
0.107815 46.579918 200.800388 1.013163 
0.108146 46.584137 200.809228 1.013167 
0.108566 46.585957 200.818513 1.013261 
0.109061 46.585223 200.831802 1.013065 
0.109857 46.586785 200.844344 1.013255 
0.111353 46.601884 200.843128 1.013016 
0.112470 46.599948 200.858473 1.013055 
0.113880 46.597131 200.865758 1.013169 
0.115243 46.608802 200.878157 1.013091 
0.116597 46.617010 200.894025 1.013054 
0.118597 46.624840 200.896667 1.013115 
0.120467 46.634613 200.909943 1.013141 
0.122832 46.633966 200.926214 1.013179 
0.125178 46.639565 200.929071 1.013232 
0.127357 46.641890 200.941889 1.013023 
0.129735 46.643835 200.950466 1.012989 
0.132578 46.661947 200.960333 1.012979 
0.135566 46.656509 200.968305 1.012833 
0.138463 46.658922 200.982896 1.013241 
0.141245 46.669133 200.991601 1.013204 
0.144404 46.671863 201.002918 1.012944 
0.147373 46.669613 201.017564 1.013183 
0.150737 46.677924 201.034807 1.012950 
0.154079 46.683646 201.041234 1.013062 
0.157231 46.691235 201.055406 1.013083 
0.160711 46.694371 201.067978 1.013054 
0.164601 46.700355 201.074204 1.012735 
0.168242 46.699710 201.087852 1.012948 
0.171597 46.704764 201.102592 1.013122 
0.175004 46.708977 201.119638 1.013047 
0.178771 46.706907 201.125351 1.013085 
0.182599 46.719197 201.139139 1.012909 
0.186215 46.722798 201.155588 1.013015 
0.190180 46.723704 201.175199 1.013010 
0.193890 46.729011 201.188310 1.013146 
0.197234 46.736276 201.199604 1.013132 
0.200809 46.743180 201.205644 1.013043 
0.204639 46.743724 201.222946 1.013030 
0.207947 46.750450 201.234607 1.012903 
0.211248 46.740164 201.246094 1.013193 
0.214916 46.755968 201.262891 1.013235 
0.218472 46.760258 201.273152 1.013018 
0.221504 46.764154 201.287694 1.013010 
0.224647 46.773728 201.304979 1.013163 
0.227724 46.775633 201.317324 1.013052 
0.230673 46.778235 201.336550 1.013258 
0.233653 46.782974 201.351211 1.013274 
0.236539 46.791074 201.368133 1.013234 
0.239203 46.797999 201.379086 1.013109 
0.241717 46.803909 201.397879 1.012901 
0.244165 46.807135 201.414469 1.013160 
0.246729 46.813550 201.431452 1.013084 
0.248596 46.815677 201.438572 1.013093 
0.250296 46.817313 201.455715 1.013308 
0.252462 46.824843 201.470791 1.013132 
0.253827 46.835843 201.480253 1.012790 
0.255635 46.837273 201.496254 1.012869 
0.256878 46.844750 201.508507 1.013052 
0.257877 46.837926 201.520882 1.012996 
0.259082 46.850036 201.525839 1.013014 
0.259622 46.850276 201.535448 1.013143 
0.260834 46.859892 201.546542 1.013112 
0.260981 46.866380 201.556890 1.012712 
0.261059 46.861497 201.556621 1.013055 
0.261439 46.860487 201.564233 1.012853 
0.261274 46.883123 201.577874 1.012611 
0.260971 46.888947 201.586751 1.012770 
0.260278 46.894835 201.602360 1.013229 
0.259475 46.893616 201.612419 1.013006 
0.258700 46.906531 201.622936 1.013122 
0.257974 46.913136 201.628744 1.013132 
0.256765 46.916413 201.627699 1.013068 
0.255087 46.924766 201.643568 1.013032 
0.253740 46.928342 201.649923 1.012828 
0.252278 46.938846 201.654192 1.013003 
0.250443 46.942692 201.665167 1.012948 
0.248283 46.943050 201.662056 1.013136 
0.246044 46.952673 201.666123 1.013215 
0.243853 46.956176 201.675668 1.013175 
0.241557 46.965232 201.677772 1.013152 
0.238680 46.965626 201.680001 1.013178 
0.235618 46.961973 201.681162 1.013182 
0.232859 46.982943 201.681973 1.012926 
0.230167 46.989358 201.688601 1.012881 
0.227145 46.995612 201.691272 1.013050 
0.223484 46.998909 201.695392 1.012929 
0.220019 47.007175 201.699553 1.013112 
0.216533 47.005211 201.701925 1.013165 
0.213156 47.014862 201.716198 1.013176 
0.209757 47.020937 201.718598 1.012955 
0.206354 47.023810 201.723187 1.013136 
0.202398 47.031379 201.730016 1.013039 
0.198364 47.030539 201.734336 1.013055 
0.194995 47.040643 201.747708 1.013033 
0.191406 47.045808 201.753365 1.013038 
0.187770 47.049352 201.758617 1.013344 
0.183468 47.044197 201.773979 1.012909 
0.179590 47.050451 201.780739 1.013169 
0.175804 47.048511 201.785175 1.013226 
0.171865 47.042830 201.798154 1.013528 
0.167987 47.048012 201.805447 1.013280 
0.164049 47.054657 201.812719 1.013098 
0.159999 47.056079 201.814826 1.013220 
0.156078 47.060466 201.825360 1.013257 
0.152184 47.068787 201.840856 1.013154 
0.148513 47.077117 201.846772 1.013167 
0.144376 47.078236 201.850727 1.013155 
0.140876 47.076121 201.856697 1.013161 
0.137576 47.081525 201.868638 1.013315 
0.133859 47.091024 201.869036 1.013170 
0.130854 47.094569 201.879510 1.013076 
0.127192 47.098604 201.883148 1.013029 
0.124067 47.099814 201.895403 1.013340 
0.121106 47.111583 201.911896 1.013106 
0.118378 47.114347 201.920497 1.013100 
0.115760 47.116669 201.925604 1.012979 
0.112998 47.119444 201.935752 1.013083 
0.110471 47.124246 201.949505 1.013119 
0.108417 47.139437 201.960759 1.013353 
0.106476 47.138314 201.969865 1.013216 
0.104301 47.143214 201.989105 1.012995 
0.102757 47.149516 201.993842 1.013077 
0.101352 47.155788 201.998663 1.013189 
0.099998 47.151858 202.018301 1.013199 
0.098920 47.157017 202.030400 1.013134 
0.098068 47.161850 202.040982 1.013169 
0.097501 47.168430 202.059492 1.013070 
0.096848 47.176405 202.067275 1.013247 
0.096556 47.181644 202.076002 1.013103 
0.096574 47.193490 202.095144 1.013321 
0.096719 47.209019 202.102315 1.013282 
0.097159 47.197770 202.120608 1.013286 
0.097575 47.200196 202.130359 1.013236 
0.098242 47.205274 202.144941 1.013246 
0.099396 47.215386 202.157670 1.012981 
0.100537 47.222653 202.158932 1.013119 
0.101952 47.238074 202.175559 1.013034 
0.103352 47.245335 202.180455 1.013063 
0.104977 47.253163 202.189389 1.012985 
0.106953 47.265174 202.189554 1.012928 
0.108783 47.270161 202.198822 1.012838 
0.111105 47.274416 202.198988 1.013224 
0.113416 47.269629 202.209473 1.013064 
0.115769 47.279724 202.213169 1.012751 
0.118511 47.284519 202.221305 1.013055 
0.121262 47.293740 202.236448 1.013180 
0.124431 47.300270 202.239203 1.012977 
0.127287 47.309419 202.247465 1.013165 
0.130212 47.311331 202.255848 1.012940 
0.133688 47.316291 202.277377 1.013221 
0.137088 47.320324 202.290639 1.013048 
0.140791 47.321033 202.303574 1.012833 
0.144649 47.327853 202.312877 1.012979 
0.148089 47.335196 202.325640 1.012941 
0.151583 47.345219 202.335917 1.012992 
0.155751 47.345141 202.349720 1.013106 
0.159433 47.353538 202.368229 1.013168 
0.163492 47.360643 202.367784 1.012822 
0.167443 47.372999 202.381504 1.013168 
0.171087 47.375547 202.399459 1.013144 
0.175162 47.375178 202.405067 1.012828 
0.179317 47.382345 202.416289 1.013009 
0.183556 47.394062 202.428255 1.012982 
0.186983 47.392524 202.448051 1.012973 
0.191066 47.399710 202.459948 1.013086 
0.195122 47.408825 202.470264 1.012897 
0.198813 47.411854 202.477915 1.013289 
0.202900 47.412265 202.493603 1.012846 
0.206510 47.424747 202.509671 1.012991 
0.210193 47.423325 202.517050 1.012958 
0.213598 47.431351 202.531972 1.013109 
0.217071 47.432150 202.546363 1.012984 
0.220980 47.448322 202.554384 1.013119 
0.224108 47.441927 202.561841 1.012898 
0.226821 47.439676 202.569211 1.013025 
0.230024 47.449480 202.582892 1.013036 
0.232532 47.452206 202.586413 1.012944 
0.235535 47.458422 202.587202 1.013145 
0.238028 47.467017 202.592039 1.013171 
0.240374 47.474599 202.607068 1.013152 
0.242711 47.487061 202.612873 1.013110 
0.244810 47.490559 202.620070 1.013102 
0.246891 47.490673 202.626173 1.013079 
0.248881 47.496370 202.637929 1.012946 
0.250529 47.507862 202.648025 1.012988 
0.252494 47.511077 202.656909 1.013029 
0.254165 47.522024 202.651986 1.013150 
0.255613 47.524291 202.668678 1.012952 
