-0.010707 29.674499 11.473941 1.013269 
0.094005 37.667521 94.580253 1.013050 
0.093177 37.678771 94.638389 1.013085 
0.092722 37.689330 94.708899 1.013182 
0.091865 37.695217 94.763725 1.013106 
0.091271 37.702814 94.823983 1.013314 
0.090332 37.694166 94.889313 1.013030 
0.089897 37.702968 94.960148 1.013184 
0.089419 37.708741 95.011217 1.013134 
0.089095 37.709930 95.073331 1.013225 
0.088347 37.714035 95.141162 1.013142 
0.087800 37.712640 95.204829 1.013133 
0.087298 37.721321 95.267734 1.013148 
0.086973 37.729602 95.330168 1.013208 
0.086526 37.727253 95.393695 1.013071 
0.085876 37.732309 95.454166 1.012999 
0.085733 37.740547 95.512329 1.013051 
0.085517 37.745421 95.560959 1.012906 
0.085352 37.751256 95.629415 1.013010 
0.085245 37.759198 95.682082 1.012961 
0.085321 37.753854 95.741165 1.013286 
0.084985 37.759383 95.793097 1.013290 
0.084916 37.763654 95.859969 1.013173 
0.084691 37.764350 95.906436 1.013236 
0.084555 37.770251 95.964903 1.013094 
0.084789 37.777388 96.023357 1.013063 
0.084879 37.780824 96.069510 1.013180 
0.085211 37.791546 96.127571 1.013175 
0.085194 37.791939 96.183635 1.013080 
0.085204 37.787246 96.237628 1.013104 
0.085718 37.802147 96.285869 1.013132 
0.085834 37.803596 96.334508 1.013096 
0.086401 37.803501 96.389876 1.013000 
0.086677 37.793452 96.435586 1.013243 
0.086960 37.795808 96.481449 1.013172 
0.087610 37.813473 96.551213 1.013207 
0.088066 37.809817 96.596053 1.013271 
0.088815 37.821317 96.647908 1.013148 
0.089220 37.828087 96.700736 1.013355 
0.089836 37.831232 96.753156 1.013193 
0.090568 37.838850 96.806072 1.012989 
0.090952 37.835371 96.852765 1.013073 
0.091602 37.850924 96.909720 1.012917 
0.092313 37.851891 96.950221 1.013254 
0.093045 37.849138 97.003925 1.013081 
0.093828 37.851403 97.052809 1.013246 
0.094526 37.863492 97.099410 1.013042 
0.095171 37.872221 97.149479 1.013018 
0.095762 37.874601 97.199889 1.013057 
0.096465 37.879913 97.242962 1.013178 
0.097128 37.880626 97.292126 1.013110 
0.097662 37.887955 97.347331 1.013022 
0.098389 37.891828 97.399556 1.012936 
0.099121 37.898109 97.447454 1.013145 
0.099822 37.901136 97.492873 1.013053 
0.100100 37.900250 97.542377 1.013095 
0.100493 37.904933 97.594536 1.012964 
0.101273 37.916749 97.637182 1.013286 
0.101912 37.918757 97.688836 1.013060 
0.102619 37.921087 97.734815 1.013122 
0.103087 37.914491 97.791908 1.013161 
0.103602 37.922096 97.844771 1.013048 
0.103997 37.929123 97.893771 1.012942 
0.104360 37.934985 97.942083 1.013188 
0.105004 37.939267 97.982267 1.013165 
0.105275 37.941088 98.030088 1.013052 
0.105537 37.948719 98.074953 1.012925 
0.105486 37.949255 98.129911 1.013070 
0.105625 37.958972 98.173062 1.013167 
0.105951 37.961720 98.225283 1.013273 
0.105958 37.969362 98.276763 1.013073 
0.106117 37.967599 98.315301 1.013171 
0.106418 37.980014 98.355746 1.012882 
0.106328 37.976096 98.404384 1.012716 
0.106077 37.992169 98.448477 1.012765 
0.106051 37.985932 98.486393 1.012889 
0.105617 37.990468 98.523194 1.012909 
0.105510 37.992111 98.566979 1.013036 
0.105374 37.996831 98.607687 1.012788 
0.105046 38.004004 98.648129 1.012769 
0.104974 38.010737 98.697236 1.012821 
0.104781 38.010735 98.732904 1.012611 
0.104212 38.014233 98.777045 1.012612 
0.103981 38.015465 98.816627 1.012681 
0.103933 38.015674 98.862345 1.012900 
0.103573 38.030598 98.897988 1.012810 
0.103181 38.030264 98.936662 1.012788 
0.102837 38.033788 98.983692 1.012867 
0.102320 38.041899 99.026645 1.012939 
0.101889 38.045485 99.057516 1.013094 
0.101486 38.043972 99.098465 1.012903 
0.100885 38.051386 99.130812 1.013020 
0.100830 38.059561 99.173781 1.012984 
0.100175 38.061362 99.213043 1.013134 
0.099418 38.064187 99.246603 1.013000 
0.099131 38.074825 99.277258 1.013021 
0.098205 38.078176 99.322515 1.013004 
0.097865 38.073425 99.359722 1.013226 
0.097122 38.080603 99.394690 1.013144 
0.096561 38.074681 99.420581 1.012926 
0.096250 38.085170 99.463099 1.013257 
0.095269 38.091310 99.504029 1.013269 
0.094792 38.093189 99.543296 1.013241 
0.094097 38.095488 99.578125 1.012974 
0.093436 38.101158 99.615479 1.013015 
0.092632 38.105122 99.658404 1.012955 
0.092025 38.113484 99.691111 1.013066 
0.091000 38.117827 99.717536 1.012998 
0.090224 38.123387 99.764137 1.012831 
0.089599 38.127543 99.796781 1.012986 
0.088801 38.132516 99.838148 1.012882 
0.088423 38.129521 99.874399 1.012722 
0.087512 38.141751 99.906574 1.012744 
0.086832 38.142382 99.941004 1.013065 
0.086247 38.140421 99.976727 1.013112 
0.085779 38.151908 100.011694 1.013247 
0.085048 38.147986 100.045452 1.013318 
0.084674 38.162614 100.074783 1.013171 
0.084311 38.161727 100.117871 1.013126 
0.083802 38.164139 100.142644 1.013189 
0.083154 38.169391 100.182127 1.013316 
0.083030 38.175763 100.210855 1.013168 
0.082567 38.172280 100.252860 1.013247 
0.081930 38.184142 100.287238 1.013409 
0.081707 38.191175 100.319421 1.013319 
0.081312 38.186523 100.354076 1.013433 
0.081132 38.189089 100.389883 1.013406 
0.080798 38.198569 100.424202 1.013386 
0.080397 38.197842 100.455422 1.013337 
0.080101 38.205809 100.495583 1.013311 
0.079637 38.211617 100.515632 1.013300 
0.079310 38.217398 100.549144 1.013189 
0.079152 38.222019 100.590819 1.013386 
0.078727 38.222834 100.621016 1.013118 
0.078329 38.229125 100.654567 1.013294 
0.078526 38.237118 100.685195 1.013018 
0.077896 38.228969 100.715321 1.012715 
0.077975 38.236763 100.738442 1.012995 
0.077880 38.243349 100.774201 1.012944 
0.077642 38.249789 100.799675 1.012761 
0.077522 38.256553 100.834946 1.012842 
0.077235 38.257687 100.864384 1.012990 
0.077131 38.260168 100.897353 1.013102 
0.077196 38.264157 100.929317 1.013319 
0.077226 38.266300 100.955936 1.012983 
0.077608 38.273728 100.981308 1.013108 
0.078035 38.276659 101.014324 1.013296 
0.077846 38.278265 101.049319 1.013126 
0.078067 38.281386 101.074217 1.013094 
0.078579 38.281542 101.108024 1.013151 
0.078920 38.297112 101.142003 1.013376 
0.079456 38.293150 101.172026 1.013433 
0.079732 38.302046 101.208647 1.013296 
0.080127 38.296558 101.234682 1.013063 
0.080780 38.304030 101.272050 1.013220 
0.081360 38.313190 101.302851 1.013297 
0.081994 38.317419 101.332113 1.013332 
0.082891 38.319314 101.365914 1.013088 
0.083689 38.322816 101.402156 1.013095 
0.084332 38.323533 101.431499 1.012752 
0.085234 38.324806 101.458190 1.012972 
0.086143 38.337237 101.486463 1.012891 
0.087291 38.343313 101.514129 1.012994 
0.088231 38.341490 101.538273 1.013184 
0.089272 38.342871 101.562795 1.013044 
0.090236 38.347009 101.592281 1.013012 
0.091474 38.350621 101.616950 1.012680 
0.092302 38.346796 101.647272 1.013238 
0.093571 38.351409 101.670829 1.013006 
0.094541 38.362862 101.694791 1.012959 
0.095736 38.366556 101.714608 1.013192 
0.096896 38.375683 101.746504 1.013104 
0.097708 38.375989 101.777488 1.013040 
0.098397 38.384181 101.802347 1.013087 
0.099256 38.392808 101.820256 1.013028 
0.100515 38.392974 101.847070 1.013276 
0.101313 38.394291 101.870748 1.013171 
0.102286 38.403623 101.881896 1.013337 
0.103241 38.399774 101.911608 1.013089 
0.104035 38.409040 101.930040 1.012922 
0.104740 38.420946 101.958634 1.012846 
0.105213 38.419040 101.974351 1.013004 
0.106107 38.421177 102.003036 1.012841 
0.107010 38.423017 102.020362 1.013100 
0.107767 38.417754 102.036137 1.013385 
0.108631 38.419191 102.064557 1.013017 
0.109411 38.417904 102.085610 1.013150 
0.109833 38.416196 102.109578 1.012959 
0.110347 38.422997 102.133609 1.013094 
0.111020 38.433084 102.161630 1.013253 
0.111619 38.441432 102.185646 1.013377 
0.111784 38.451783 102.205482 1.013368 
0.112382 38.444990 102.224145 1.013267 
0.112341 38.455502 102.257917 1.013287 
0.112498 38.457128 102.279286 1.013081 
0.112841 38.465629 102.300520 1.013091 
0.112715 38.469457 102.334008 1.012991 
0.113110 38.478323 102.353331 1.013197 
0.113140 38.473396 102.376963 1.012962 
0.112947 38.479664 102.396560 1.013229 
