0.112966 38.488796 102.426801 1.013139 
0.177802 40.986579 145.295569 1.013111 
0.174283 40.995445 145.339496 1.013109 
0.170997 41.002457 145.382740 1.013097 
0.167589 41.012397 145.434350 1.013158 
0.163872 41.005968 145.481407 1.013120 
0.160834 41.010793 145.522598 1.013082 
0.157603 41.021593 145.568473 1.013316 
0.153839 41.025004 145.617096 1.013068 
0.150695 41.036264 145.651371 1.013202 
0.147132 41.041109 145.700684 1.013211 
0.143838 41.047479 145.744454 1.013388 
0.140552 41.046768 145.779310 1.013032 
0.137455 41.055572 145.823940 1.013055 
0.134099 41.058273 145.876298 1.013143 
0.131061 41.070055 145.913144 1.013110 
0.127756 41.066442 145.958641 1.013208 
0.124749 41.073953 145.984763 1.013320 
0.121934 41.076676 146.024221 1.013310 
0.119307 41.083503 146.058842 1.013083 
0.116500 41.083458 146.093344 1.012972 
0.113991 41.089499 146.131162 1.013049 
0.111451 41.098423 146.161442 1.013136 
0.109260 41.098891 146.193246 1.013181 
0.107043 41.101649 146.224677 1.013167 
0.105039 41.113869 146.246796 1.012969 
0.102910 41.116381 146.281570 1.013008 
0.101372 41.116246 146.301187 1.013110 
0.099511 41.116439 146.331881 1.013169 
0.098092 41.118121 146.353607 1.012835 
0.096750 41.130762 146.392129 1.012994 
0.095432 41.137024 146.407664 1.012753 
0.094091 41.131795 146.428113 1.013059 
0.093338 41.143296 146.455935 1.013267 
0.092733 41.139302 146.476186 1.013213 
0.092053 41.147549 146.498456 1.013153 
0.091742 41.150217 146.515911 1.013204 
0.091616 41.150878 146.542214 1.013167 
0.091595 41.158757 146.567253 1.013002 
0.091674 41.169888 146.585730 1.013049 
0.091880 41.168869 146.608243 1.013272 
0.092445 41.162440 146.636380 1.013201 
0.093028 41.171876 146.658183 1.012973 
0.093642 41.182879 146.679341 1.012828 
0.094851 41.184624 146.708390 1.013053 
0.095861 41.187719 146.738370 1.012889 
0.097098 41.189483 146.758536 1.012935 
0.098821 41.192213 146.787084 1.013163 
0.099908 41.192533 146.814889 1.013215 
0.102020 41.199481 146.841707 1.013409 
0.104103 41.205790 146.871689 1.013352 
0.106110 41.211982 146.897999 1.013180 
0.108117 41.213235 146.924514 1.013424 
0.110459 41.212385 146.957835 1.013326 
0.113001 41.217592 146.992203 1.013239 
0.115556 41.225877 147.017711 1.013398 
0.117861 41.218873 147.049947 1.013425 
0.120300 41.225258 147.075219 1.013242 
0.123136 41.232443 147.108238 1.013114 
0.125801 41.234923 147.139853 1.013141 
0.128347 41.241481 147.183868 1.013248 
0.131274 41.241023 147.209139 1.013177 
0.134043 41.245670 147.243060 1.013286 
0.136680 41.248849 147.272914 1.013236 
0.139484 41.244976 147.298054 1.013298 
0.142611 41.245760 147.331665 1.013247 
0.145403 41.248018 147.358205 1.013110 
0.148443 41.255231 147.383121 1.013131 
0.151182 41.267955 147.400328 1.013219 
0.154318 41.265993 147.433227 1.013200 
0.157086 41.266427 147.464191 1.013134 
0.159823 41.268579 147.485297 1.013027 
0.162550 41.277340 147.516040 1.012988 
0.165447 41.277235 147.537327 1.013085 
0.167819 41.273434 147.558620 1.013326 
0.170586 41.276375 147.581202 1.013111 
0.173091 41.278793 147.602073 1.013298 
0.175645 41.287086 147.615362 1.013077 
0.177653 41.286119 147.638285 1.013074 
0.180410 41.296001 147.654900 1.013380 
0.182466 41.293784 147.685978 1.013168 
0.184516 41.291091 147.703406 1.013253 
0.186527 41.296527 147.719606 1.013181 
0.188296 41.296158 147.734913 1.013324 
0.189697 41.299965 147.760922 1.013061 
0.191704 41.309735 147.783135 1.013178 
0.193510 41.320616 147.805626 1.013407 
0.194880 41.308456 147.825007 1.013264 
0.195978 41.314831 147.848200 1.013243 
0.197581 41.320474 147.885783 1.013134 
0.198585 41.321258 147.906576 1.012956 
0.199644 41.324605 147.935836 1.013020 
0.200494 41.322340 147.961889 1.012916 
0.200965 41.312023 147.991612 1.013089 
0.201660 41.312322 148.022575 1.013133 
0.202236 41.318606 148.058730 1.013138 
0.202372 41.323657 148.084026 1.012933 
0.202659 41.339021 148.115151 1.013033 
0.202966 41.341971 148.146684 1.013226 
0.202573 41.339004 148.177362 1.013034 
0.202327 41.345966 148.208416 1.013052 
0.201900 41.346775 148.236441 1.013167 
0.201428 41.347005 148.259254 1.013260 
0.200730 41.353742 148.278948 1.013087 
0.200388 41.350654 148.302919 1.013106 
0.199494 41.356794 148.326666 1.013146 
0.198398 41.359488 148.338057 1.013215 
0.197594 41.351727 148.365140 1.013201 
0.196174 41.364235 148.386342 1.013328 
0.194560 41.366457 148.397849 1.013179 
0.192742 41.366635 148.422170 1.013195 
0.191006 41.377901 148.438440 1.013145 
0.189574 41.383806 148.455017 1.013211 
0.187554 41.385381 148.466058 1.013260 
0.185512 41.383687 148.474346 1.013073 
0.183312 41.388856 148.483698 1.013060 
0.181090 41.397278 148.497447 1.012896 
0.178585 41.395014 148.505296 1.013246 
0.176407 41.389984 148.509214 1.013319 
0.173830 41.393646 148.520703 1.013193 
0.171218 41.410768 148.520414 1.012987 
0.168553 41.409836 148.530352 1.013008 
0.165868 41.418566 148.537598 1.012995 
0.163320 41.422292 148.556540 1.012971 
0.160068 41.415283 148.563929 1.013021 
0.157336 41.421829 148.569824 1.013102 
0.154447 41.424490 148.578027 1.013233 
0.151592 41.429938 148.589058 1.012974 
0.148989 41.434127 148.607180 1.013203 
0.145799 41.439704 148.626208 1.013209 
0.142285 41.440296 148.638512 1.013422 
0.139343 41.441101 148.652023 1.013084 
0.136538 41.445084 148.669919 1.013080 
0.133169 41.454634 148.693609 1.012986 
0.129997 41.449360 148.703767 1.013235 
0.126768 41.451302 148.725286 1.012984 
0.123656 41.454973 148.743508 1.013096 
0.120490 41.457059 148.755310 1.012715 
0.117686 41.462711 148.771991 1.013187 
0.114667 41.464830 148.797319 1.013074 
0.111827 41.467574 148.821528 1.013066 
0.109043 41.467986 148.840085 1.013106 
0.106389 41.471775 148.865636 1.013236 
0.103809 41.471369 148.877317 1.013259 
0.101468 41.478294 148.891583 1.013073 
0.099052 41.493223 148.910172 1.013319 
0.096827 41.493993 148.923298 1.013062 
0.094532 41.487695 148.939460 1.013100 
0.092482 41.487193 148.957825 1.013168 
0.090551 41.497988 148.975848 1.013050 
0.088794 41.492743 148.982861 1.013022 
0.087197 41.504375 149.000498 1.013138 
0.085343 41.509345 149.013226 1.012956 
0.083962 41.514003 149.024975 1.013284 
0.082537 41.509571 149.037316 1.013271 
0.081627 41.507553 149.044024 1.013191 
0.080619 41.517134 149.051653 1.012923 
0.079544 41.524541 149.072288 1.012949 
0.079244 41.520822 149.089288 1.013342 
0.078516 41.527827 149.098319 1.013313 
0.077973 41.516001 149.111062 1.013390 
0.077735 41.512379 149.114341 1.013580 
0.077821 41.528263 149.138152 1.013307 
0.077873 41.538728 149.141869 1.012885 
0.078089 41.534222 149.167982 1.013093 
0.078434 41.542779 149.178110 1.013348 
0.079011 41.540246 149.200082 1.013045 
0.079789 41.543180 149.213134 1.013072 
0.080032 41.541142 149.229347 1.013049 
0.081571 41.545896 149.244905 1.013489 
0.082439 41.546179 149.267160 1.013379 
0.083758 41.544343 149.277640 1.013521 
0.084906 41.522538 149.300008 1.013291 
0.086524 41.525799 149.314215 1.013281 
0.087960 41.531118 149.336755 1.013461 
0.089918 41.535923 149.349962 1.013349 
0.091845 41.540834 149.375792 1.013330 
0.094040 41.537339 149.389462 1.013361 
0.096073 41.572729 149.416046 1.013283 
0.098373 41.573631 149.430450 1.013295 
0.100871 41.573208 149.456335 1.013495 
0.103427 41.576437 149.469031 1.013326 
0.105764 41.575573 149.480291 1.012966 
0.108356 41.585027 149.492628 1.013036 
0.110971 41.586004 149.512814 1.013070 
0.114136 41.587667 149.520387 1.012838 
0.116910 41.590021 149.534264 1.013024 
0.119810 41.592269 149.547150 1.013163 
0.122787 41.600037 149.560414 1.013011 
0.125481 41.597545 149.564900 1.013243 
0.128615 41.599212 149.575924 1.013176 
0.131530 41.595169 149.571516 1.013187 
0.134512 41.593080 149.580024 1.013395 
0.137515 41.604175 149.585648 1.013213 
0.140342 41.599614 149.592666 1.013278 
0.143501 41.617465 149.594178 1.013052 
0.146372 41.620086 149.599605 1.012806 
0.148923 41.627199 149.605258 1.012986 
0.151841 41.625138 149.603053 1.012789 
0.154565 41.635406 149.611953 1.013073 
