0.145400 19.250100 184.093176 1.028232
0.145382 19.253208 184.093176 1.028123 
0.145475 19.246996 184.098110 1.028310 
0.145882 19.262136 184.105735 1.028257 
0.146513 19.249547 184.116196 1.028339 
0.146841 19.261431 184.119373 1.028660 
0.147447 19.277113 184.133060 1.028424 
0.147901 19.266940 184.142869 1.028615 
0.149129 19.280799 184.151774 1.028406 
0.150182 19.278267 184.156883 1.028581 
0.151350 19.290379 184.174846 1.028420 
0.152315 19.293577 184.179771 1.028348 
0.153175 19.297798 184.187287 1.028453 
0.154202 19.309858 184.194942 1.028309 
0.154600 19.301532 184.211312 1.028414 
0.155449 19.325064 184.211137 1.028490 
0.156235 19.322695 184.228336 1.028130 
0.156793 19.327201 184.243181 1.028197 
0.156875 19.327137 184.256732 1.028081 
0.157642 19.344111 184.259773 1.028518 
0.157501 19.344163 184.263348 1.028144 
0.157147 19.358805 184.264556 1.028180 
0.156791 19.357899 184.280300 1.028424 
0.156094 19.368213 184.285094 1.028353 
0.155407 19.378271 184.298639 1.028108 
0.154622 19.381609 184.297983 1.028259 
0.153736 19.386255 184.301228 1.028270 
0.152869 19.389037 184.313092 1.028347 
0.151510 19.383918 184.319335 1.028117 
0.150563 19.404993 184.315610 1.028090 
0.149195 19.408855 184.317699 1.027990 
0.148093 19.400582 184.322376 1.028180 
0.147188 19.419280 184.323934 1.028054 
0.146574 19.423785 184.327410 1.028229 
0.145961 19.426935 184.331761 1.028304 
0.145261 19.420617 184.337201 1.028262 
0.145163 19.433601 184.345822 1.028336 
0.145291 19.435123 184.344827 1.028338 
0.144692 19.437726 184.353985 1.028328 
0.145217 19.446487 184.349176 1.028203 
0.145617 19.449517 184.362601 1.028139 
0.146320 19.441659 184.376811 1.028352 
0.147231 19.449994 184.371087 1.028423 
0.148100 19.454766 184.386604 1.028276 
0.149270 19.452702 184.389459 1.028282 
0.150144 19.462154 184.404521 1.028363 
0.151313 19.465976 184.408956 1.028386 
0.152530 19.465206 184.421433 1.028133 
0.153384 19.459858 184.429654 1.028282 
0.154825 19.465227 184.438249 1.028473 
0.156179 19.478599 184.454765 1.028020 
0.157154 19.477563 184.467448 1.028356 
0.157779 19.476871 184.480998 1.028225 
0.158312 19.484444 184.494347 1.028148 
0.159042 19.485457 184.501968 1.028310 
0.159561 19.485590 184.517705 1.028383 
0.160116 19.481456 184.536001 1.028072 
0.160190 19.495006 184.544550 1.028257 
0.159924 19.491134 184.563123 1.028281 
0.159839 19.500940 184.578898 1.028372 
0.159372 19.503624 184.600083 1.028376 
0.158505 19.496777 184.614659 1.028589 
0.157544 19.502751 184.622321 1.028555 
0.156853 19.510177 184.636332 1.028601 
0.155537 19.508532 184.647450 1.028476 
0.154854 19.518397 184.659456 1.028351 
0.154179 19.514130 184.675632 1.028361 
0.153180 19.522827 184.684039 1.028305 
0.152251 19.520981 184.688564 1.028423 
0.151671 19.532418 184.700454 1.028276 
0.151223 19.531061 184.698767 1.028306 
0.150469 19.535553 184.709469 1.028260 
0.150075 19.540445 184.713863 1.028456 
0.149883 19.541905 184.718490 1.028325 
0.149724 19.531508 184.725072 1.028453 
0.150082 19.559322 184.733970 1.028306 
0.150513 19.553314 184.744524 1.028295 
0.150821 19.553615 184.748700 1.028599 
0.151253 19.555973 184.753331 1.028145 
0.152285 19.564428 184.768970 1.028164 
0.153386 19.559664 184.783751 1.028352 
0.154490 19.564578 184.790369 1.028319 
0.155659 19.579345 184.800459 1.028267 
0.156818 19.585426 184.817746 1.028234 
0.157724 19.583253 184.830541 1.028360 
0.158642 19.589736 184.841937 1.028362 
0.159956 19.590151 184.847836 1.028162 
0.160697 19.585877 184.855813 1.028256 
0.161633 19.599011 184.873764 1.028224 
0.162485 19.597211 184.883340 1.028130 
0.162637 19.588273 184.897141 1.028641 
0.163164 19.583585 184.916365 1.028590 
0.163208 19.609949 184.909299 1.028385 
0.163223 19.618906 184.925937 1.028420 
0.162916 19.617180 184.931814 1.028440 
0.162784 19.623249 184.941890 1.028403 
0.162353 19.615027 184.950825 1.028506 
0.161727 19.630322 184.961878 1.027978 
0.160977 19.626685 184.986242 1.028248 
0.159860 19.640768 184.995059 1.028327 
