0.088048 73.773191 118.526340 1.028194 
0.112727 73.532540 134.858414 1.028092 
0.112718 73.538486 134.862210 1.028024 
0.112641 73.536376 134.861205 1.027785 
0.112297 73.536778 134.873017 1.028246 
0.112189 73.536154 134.877234 1.027997 
0.112251 73.534713 134.882262 1.028102 
0.112236 73.531994 134.888668 1.028249 
0.112293 73.527637 134.892185 1.028266 
0.112246 73.529629 134.891156 1.028133 
0.112141 73.528631 134.895327 1.028072 
0.112125 73.522264 134.904046 1.028245 
0.112018 73.525109 134.906142 1.028152 
0.112046 73.518797 134.907578 1.028232 
0.111964 73.518681 134.909989 1.028166 
0.111909 73.516386 134.920763 1.028100 
0.111881 73.515253 134.924014 1.028331 
0.111648 73.517925 134.920927 1.028207 
0.112037 73.512391 134.918430 1.028285 
0.111852 73.510870 134.941379 1.028283 
0.112010 73.512543 134.942436 1.028203 
0.111655 73.516231 134.941329 1.028300 
0.111669 73.509937 134.949125 1.028146 
0.111662 73.507174 134.958608 1.028386 
0.111328 73.509091 134.961439 1.028071 
0.111604 73.504351 134.965875 1.028203 
0.111615 73.508803 134.975903 1.028193 
0.111632 73.511237 134.981780 1.028122 
0.111521 73.506210 134.978030 1.028208 
0.111674 73.505892 134.981030 1.028260 
0.111625 73.509467 134.982071 1.028250 
0.111410 73.505448 134.974220 1.028372 
0.111433 73.508579 134.975257 1.028344 
0.111598 73.509649 134.975540 1.028217 
0.111484 73.504523 134.974335 1.028197 
0.111453 73.498343 134.971623 1.028292 
0.111571 73.497256 134.979857 1.028134 
0.111318 73.497429 134.977956 1.028246 
0.111604 73.504015 134.974241 1.028219 
0.111371 73.502352 134.970398 1.028360 
0.111360 73.505540 134.970138 1.028302 
0.111592 73.505452 134.976853 1.028175 
0.111406 73.500651 134.976863 1.028195 
0.111415 73.501558 134.981397 1.028397 
0.111423 73.496748 134.978702 1.028234 
0.111415 73.502727 134.981263 1.028424 
0.111521 73.501944 134.975847 1.028370 
0.111418 73.502079 134.980870 1.028277 
0.111374 73.500044 134.978650 1.028122 
0.111445 73.498425 134.975440 1.028270 
0.111270 73.495528 134.973885 1.028245 
0.111301 73.493843 134.971094 1.028224 
0.111066 73.494220 134.976873 1.028165 
0.111058 73.494951 134.974639 1.028249 
0.111014 73.492107 134.983883 1.028110 
0.110851 73.493238 134.974474 1.028246 
0.110862 73.483914 134.976056 1.028335 
0.110859 73.487667 134.967451 1.028235 
0.110908 73.485441 134.964753 1.028320 
0.110699 73.490017 134.958754 1.028307 
0.110439 73.482542 134.950290 1.028393 
0.110643 73.483293 134.952657 1.028338 
0.110351 73.481697 134.954711 1.028308 
0.110410 73.475809 134.957518 1.028088 
0.110286 73.471787 134.951992 1.028050 
0.109992 73.477158 134.963672 1.028069 
0.110247 73.473087 134.954764 1.028177 
0.109924 73.479146 134.962339 1.028174 
0.109893 73.472685 134.965142 1.028268 
0.109664 73.464016 134.974705 1.028210 
0.109693 73.462700 134.969008 1.028154 
0.109666 73.468773 134.983660 1.028420 
0.109497 73.461378 134.982192 1.028324 
0.109115 73.465144 134.991789 1.028216 
0.109439 73.459152 134.996654 1.028201 
0.109170 73.461620 134.994373 1.028334 
0.109050 73.460497 135.008433 1.028217 
0.108946 73.453880 135.020974 1.028183 
0.108888 73.453323 135.025920 1.028216 
0.108595 73.452804 135.024151 1.028142 
0.108560 73.446054 135.035231 1.028229 
0.108496 73.458505 135.027998 1.028307 
0.108314 73.449991 135.035787 1.028318 
0.108274 73.444837 135.038251 1.028293 
0.108074 73.443475 135.050193 1.028193 
0.107988 73.446709 135.053906 1.028265 
0.107819 73.446488 135.059042 1.028188 
0.107990 73.441217 135.060336 1.028330 
0.107992 73.437623 135.062554 1.028215 
0.107740 73.443311 135.071836 1.027971 
0.107661 73.434447 135.066433 1.028361 
0.107869 73.429251 135.079504 1.028301 
0.107634 73.438019 135.087900 1.028158 
0.107451 73.439464 135.086818 1.028335 
0.107355 73.426097 135.093571 1.028262 
0.107388 73.436423 135.090451 1.028235 
0.107601 73.432827 135.096523 1.028202 
0.107547 73.423926 135.097531 1.028123 
0.107630 73.425736 135.100650 1.028271 
0.107270 73.428236 135.111800 1.028359 
0.107638 73.426094 135.099899 1.028223 
0.107563 73.418478 135.104893 1.028340 
0.107271 73.421819 135.104478 1.028448 
0.107576 73.416306 135.101235 1.028337 
0.107568 73.419244 135.105721 1.028390 
0.107531 73.420112 135.105291 1.028228 
0.107636 73.416448 135.106905 1.028098 
0.107613 73.415120 135.105524 1.028113 
0.107668 73.418244 135.101233 1.028251 
0.107492 73.417592 135.091890 1.028217 
0.107661 73.413581 135.097985 1.028236 
0.107572 73.406191 135.089811 1.028219 
0.107553 73.415073 135.086279 1.028184 
0.107616 73.413843 135.074472 1.028183 
0.107577 73.412779 135.069860 1.028262 
0.107789 73.407759 135.072236 1.028288 
0.107543 73.403099 135.068474 1.028280 
0.107697 73.410895 135.064323 1.028257 
0.107259 73.398986 135.058618 1.028187 
0.107478 73.403121 135.059894 1.028177 
0.107671 73.401598 135.059345 1.028007 
0.107556 73.395913 135.057151 1.028119 
0.107653 73.392830 135.049682 1.027997 
0.107555 73.393505 135.053274 1.028326 
0.107379 73.386927 135.042192 1.028380 
0.107580 73.387724 135.037268 1.028072 
0.107628 73.395260 135.033012 1.028239 
0.107475 73.387263 135.021152 1.028395 
0.107238 73.374697 135.013899 1.028302 
0.107381 73.380727 135.016811 1.028278 
0.107377 73.378618 135.016716 1.028351 
0.107246 73.380231 135.011484 1.028305 
0.107269 73.372718 135.007329 1.028264 
0.107320 73.374572 135.006202 1.027951 
0.107303 73.369882 135.004798 1.028170 
0.107144 73.381203 135.005405 1.028082 
0.107177 73.370446 135.002446 1.028235 
0.107233 73.368459 134.998105 1.028486 
0.107357 73.372784 134.997151 1.028278 
0.107253 73.365023 134.994753 1.028285 
0.107390 73.360810 134.996095 1.028192 
0.107304 73.369198 135.001843 1.028175 
0.107113 73.367911 134.999835 1.028033 
0.107266 73.361380 134.990929 1.028225 
0.107225 73.357150 134.987917 1.028380 
0.107111 73.354167 134.983616 1.028215 
0.107064 73.355628 134.983636 1.028149 
0.107034 73.356165 134.981688 1.028233 
0.106949 73.355735 134.972072 1.028230 
0.107078 73.363361 134.971058 1.027901 
0.107139 73.358140 134.962034 1.027955 
0.107024 73.361020 134.955243 1.028160 
0.107046 73.356638 134.947617 1.028157 
0.107095 73.352362 134.946542 1.028228 
0.106885 73.360771 134.935036 1.028276 
0.107112 73.356942 134.936253 1.028144 
0.106820 73.354531 134.939808 1.028087 
0.106940 73.351267 134.920085 1.028088 
0.106932 73.351981 134.925235 1.027893 
0.107102 73.353069 134.919587 1.028199 
0.106898 73.352651 134.921908 1.028059 
0.106892 73.355347 134.923981 1.028115 
0.107131 73.355203 134.922227 1.027958 
0.107185 73.354056 134.920572 1.028202 
0.107053 73.355399 134.918478 1.028246 
0.106948 73.354274 134.925390 1.028266 
0.107113 73.357458 134.917382 1.028471 
0.107104 73.356934 134.928724 1.028402 
0.107220 73.355391 134.930758 1.028128 
0.107214 73.363647 134.926994 1.027959 
0.107484 73.355961 134.924148 1.028020 
0.107208 73.351713 134.915571 1.028229 
0.107644 73.354092 134.913993 1.028351 
0.107238 73.355665 134.908638 1.028108 
0.107331 73.354025 134.911795 1.028262 
0.107297 73.352281 134.907616 1.028404 
0.107624 73.352941 134.906114 1.028073 
0.107570 73.352124 134.911926 1.028163 
0.107478 73.349586 134.913924 1.028362 
0.107637 73.347985 134.908025 1.028210 
0.107510 73.350717 134.916496 1.028313 
0.108069 73.345623 134.900963 1.028287 
0.107805 73.355296 134.908237 1.028189 
0.108131 73.342207 134.913896 1.028149 
0.108036 73.343957 134.908192 1.028364 
0.107971 73.338237 134.906381 1.028196 
0.108112 73.351788 134.907774 1.028225 
0.108171 73.356460 134.905828 1.028183 
0.108378 73.343405 134.892885 1.028403 
0.108201 73.349065 134.890313 1.028274 
0.108290 73.347872 134.893377 1.028152 
0.108431 73.349073 134.882421 1.028314 
0.107892 73.345149 134.884530 1.028125 
0.108265 73.344962 134.882036 1.028141 
0.108304 73.348814 134.883106 1.028104 
0.108343 73.345395 134.871730 1.028005 
0.108440 73.339619 134.859398 1.028229 
0.108168 73.337082 134.852724 1.028201 
0.108410 73.344859 134.847148 1.028144 
0.108159 73.340649 134.849375 1.028024 
