0.160216 74.516288 200.015535 1.028501 
0.155375 74.519727 192.183115 1.028285 
0.155458 74.507468 192.151659 1.028286 
0.155421 74.516642 192.120659 1.028237 
0.155718 74.514369 192.084314 1.028351 
0.155736 74.520902 192.068606 1.028203 
0.155797 74.513226 192.027987 1.028346 
0.155889 74.522466 192.008635 1.028320 
0.156135 74.525385 191.977686 1.028438 
0.155981 74.522031 191.955380 1.028258 
0.155982 74.523644 191.936960 1.028109 
0.156147 74.530728 191.918783 1.028374 
0.155962 74.529156 191.893492 1.028254 
0.156237 74.533036 191.877307 1.028212 
0.156303 74.540054 191.851558 1.028071 
0.156531 74.543676 191.838287 1.028124 
0.156319 74.544390 191.816686 1.028268 
0.156608 74.552513 191.800000 1.028327 
0.156639 74.559680 191.778876 1.028427 
0.156738 74.555680 191.754331 1.028385 
0.156838 74.553077 191.728916 1.028298 
0.156843 74.554972 191.721865 1.028283 
0.156952 74.563801 191.695090 1.028314 
0.156800 74.554186 191.668587 1.028155 
0.156914 74.555004 191.654004 1.028421 
0.157033 74.561316 191.637412 1.028214 
0.156896 74.559893 191.618576 1.028223 
0.157374 74.554413 191.603791 1.028270 
0.157165 74.556527 191.569146 1.028332 
0.157080 74.561297 191.556093 1.028513 
0.157138 74.558465 191.540967 1.028460 
0.157290 74.557048 191.510156 1.028405 
0.157180 74.561623 191.501124 1.028316 
0.157334 74.556975 191.481460 1.028541 
0.157151 74.558004 191.464896 1.028336 
0.157459 74.561840 191.441578 1.028359 
0.157261 74.557178 191.423289 1.028373 
0.157114 74.560389 191.400193 1.028493 
0.157247 74.558038 191.380668 1.028349 
0.157233 74.561477 191.357425 1.028433 
0.157039 74.560187 191.339063 1.028208 
0.157280 74.567179 191.309340 1.028381 
0.157358 74.562013 191.290108 1.028352 
0.157346 74.562365 191.264560 1.028395 
0.157374 74.574278 191.243233 1.028336 
0.157442 74.568670 191.219655 1.028528 
0.157374 74.567350 191.199399 1.028397 
0.157742 74.570133 191.170213 1.028411 
0.157621 74.569164 191.155763 1.028432 
0.157476 74.567920 191.138335 1.028381 
0.157663 74.578746 191.109586 1.028575 
0.157715 74.573997 191.084632 1.028445 
0.157848 74.582011 191.069196 1.028441 
0.157662 74.580976 191.041078 1.028444 
0.157638 74.580766 191.020115 1.028398 
0.157637 74.580299 190.992559 1.028547 
0.157708 74.581323 190.971349 1.028359 
0.157455 74.583828 190.948653 1.028413 
0.157510 74.585508 190.932623 1.028295 
0.157324 74.586546 190.904026 1.028273 
0.157592 74.586896 190.888768 1.028269 
0.157462 74.586638 190.866717 1.028250 
0.157479 74.590228 190.838631 1.028355 
0.157327 74.596856 190.812618 1.028536 
0.157232 74.590638 190.802004 1.028508 
0.157404 74.589662 190.774157 1.028539 
0.157340 74.590608 190.749277 1.028435 
0.157382 74.593983 190.722979 1.028512 
0.156965 74.588093 190.706735 1.028434 
0.157028 74.597988 190.677747 1.028330 
0.157095 74.591960 190.649711 1.028401 
0.156914 74.596261 190.631719 1.028451 
0.157078 74.594623 190.611364 1.028245 
0.156815 74.593151 190.584782 1.028230 
0.156876 74.596913 190.564556 1.028304 
0.156791 74.595875 190.542621 1.028518 
0.156477 74.602779 190.530771 1.028209 
0.156744 74.591718 190.502969 1.028378 
0.156375 74.600398 190.487847 1.028374 
0.156536 74.604206 190.473195 1.028396 
0.156123 74.603725 190.455106 1.028304 
0.156670 74.606761 190.440034 1.028276 
0.156379 74.607464 190.428681 1.028050 
0.156569 74.607755 190.408129 1.028218 
0.156312 74.606494 190.396523 1.028269 
0.156183 74.607495 190.374708 1.028306 
0.156231 74.610889 190.355934 1.028334 
0.156246 74.604815 190.336352 1.028528 
0.156107 74.615551 190.314048 1.028219 
0.156167 74.614467 190.299197 1.028404 
0.156360 74.609487 190.274553 1.028391 
0.156131 74.616077 190.246766 1.028298 
0.156213 74.622693 190.232909 1.028323 
0.155997 74.610349 190.214595 1.028383 
0.156094 74.612295 190.197213 1.028315 
0.156140 74.619985 190.165425 1.028448 
0.155920 74.614156 190.155334 1.028538 
0.156029 74.612668 190.138215 1.028402 
0.155810 74.608189 190.121278 1.028387 
0.155808 74.614163 190.103156 1.028320 
0.155975 74.613583 190.078032 1.028370 
0.155893 74.615121 190.054292 1.028516 
0.156179 74.617308 190.041655 1.028389 
0.155948 74.623488 190.023905 1.028329 
0.155674 74.623072 190.003964 1.028363 
0.155944 74.627109 189.998132 1.028449 
0.155893 74.627559 189.981563 1.028473 
0.155862 74.626588 189.963968 1.028360 
0.155816 74.629381 189.959057 1.028164 
0.155928 74.627420 189.951094 1.028371 
0.155734 74.634691 189.940580 1.028364 
0.156160 74.634401 189.927069 1.028297 
0.156006 74.634927 189.913574 1.028381 
0.156108 74.640100 189.894926 1.028331 
0.156062 74.640630 189.890755 1.028304 
0.155943 74.636307 189.873854 1.028294 
0.156103 74.639599 189.856760 1.028380 
0.156155 74.642796 189.837118 1.028264 
0.156179 74.651475 189.833228 1.028122 
0.156109 74.648247 189.822003 1.028287 
0.156365 74.652046 189.798413 1.028313 
0.156202 74.646940 189.788165 1.028273 
0.156287 74.651373 189.780220 1.028229 
0.156188 74.649291 189.773314 1.028326 
0.156466 74.656960 189.751975 1.028380 
0.156336 74.650838 189.740397 1.028293 
0.156358 74.652711 189.733878 1.028216 
0.156582 74.654364 189.720043 1.028323 
0.156217 74.647648 189.699997 1.028229 
0.156325 74.659636 189.693834 1.028241 
0.156296 74.652111 189.670582 1.028174 
0.156453 74.655784 189.664330 1.028185 
0.156370 74.657872 189.642679 1.028382 
0.156227 74.654757 189.642355 1.028479 
0.156359 74.653596 189.624738 1.028503 
0.156252 74.657985 189.613758 1.028176 
0.156150 74.652414 189.595648 1.028221 
0.155995 74.654115 189.590935 1.028165 
0.156129 74.657116 189.573090 1.028420 
0.156145 74.656813 189.566230 1.028325 
0.155995 74.655339 189.558189 1.028196 
0.155903 74.652438 189.548369 1.028285 
0.156075 74.646345 189.540643 1.028197 
0.155828 74.652310 189.531568 1.028350 
0.155766 74.642365 189.516108 1.028441 
0.155749 74.639480 189.499702 1.028174 
0.155812 74.650285 189.493861 1.028176 
0.155794 74.645955 189.485069 1.028348 
0.155900 74.647233 189.477800 1.028099 
0.155681 74.646810 189.467102 1.028031 
0.155735 74.642944 189.452875 1.028438 
0.155808 74.639874 189.435655 1.028423 
0.155863 74.644490 189.428124 1.028131 
0.155741 74.643670 189.418234 1.028553 
0.156009 74.640513 189.410113 1.028393 
0.155598 74.639742 189.405166 1.028350 
0.155794 74.642406 189.403709 1.028433 
0.155872 74.641318 189.391643 1.028278 
0.155872 74.646929 189.388740 1.028183 
0.155635 74.643982 189.386941 1.028222 
0.155788 74.637354 189.377502 1.028085 
0.155592 74.643861 189.376513 1.028122 
0.155852 74.643137 189.366617 1.028245 
0.155687 74.642872 189.362242 1.028451 
0.155860 74.639339 189.357924 1.028309 
0.155764 74.640719 189.349047 1.028317 
0.155880 74.644573 189.340322 1.028263 
0.155821 74.639919 189.328088 1.028442 
0.155569 74.649286 189.316783 1.028201 
0.155770 74.648188 189.307399 1.028067 
0.155822 74.643582 189.291641 1.028216 
0.155781 74.642290 189.283819 1.028247 
0.155876 74.651742 189.274522 1.028326 
0.155712 74.647177 189.267504 1.028205 
0.155837 74.646769 189.252784 1.028307 
0.155811 74.649801 189.245196 1.028141 
0.156039 74.644746 189.232536 1.028375 
0.155743 74.653329 189.232786 1.028243 
0.155918 74.650324 189.206169 1.028290 
0.156105 74.647004 189.208931 1.028369 
0.155952 74.652861 189.185160 1.028377 
0.156155 74.657982 189.179183 1.028371 
0.156063 74.653106 189.168202 1.028208 
0.156028 74.645613 189.150278 1.028377 
0.156139 74.646616 189.145526 1.028264 
0.155975 74.651774 189.127314 1.028286 
0.156092 74.657913 189.119680 1.028348 
0.156369 74.646983 189.101157 1.028402 
0.156061 74.647994 189.097985 1.028349 
0.156440 74.649504 189.087216 1.028526 
0.156213 74.651020 189.083485 1.028227 
0.155928 74.646891 189.072418 1.028250 
0.156169 74.647233 189.061179 1.028399 
0.155895 74.645247 189.059645 1.028184 
0.156043 74.648255 189.045737 1.028241 
0.156163 74.656234 189.049018 1.028382 
0.156200 74.653321 189.048695 1.028246 
0.155955 74.655546 189.037193 1.028312 
0.155881 74.653626 189.024111 1.028364 
0.155841 74.655593 189.025485 1.028368 
