0.174279 74.612127 183.749971 1.028575 
0.174496 74.601115 183.976785 1.028437 
0.174508 74.607528 184.201414 1.028524 
0.174733 74.600112 184.428290 1.028672 
0.174672 74.594270 184.638074 1.028485 
0.174930 74.595960 184.866216 1.028396 
0.175033 74.596678 185.086588 1.028494 
0.174989 74.593874 185.312997 1.028464 
0.175132 74.592236 185.520343 1.028515 
0.175499 74.592280 185.744931 1.028467 
0.175626 74.591364 185.960563 1.028512 
0.175676 74.583751 186.170685 1.028402 
0.175761 74.594346 186.389084 1.028539 
0.175953 74.584800 186.606030 1.028261 
0.176003 74.589210 186.808462 1.028340 
0.176021 74.581770 187.022773 1.028402 
0.176074 74.585514 187.248172 1.028336 
0.176081 74.585241 187.450961 1.028268 
0.176349 74.573986 187.663234 1.028429 
0.176297 74.578322 187.866252 1.028335 
0.176616 74.577106 188.075036 1.028288 
0.176639 74.575664 188.285531 1.028243 
0.176593 74.570222 188.482568 1.028233 
0.176787 74.565143 188.681269 1.028327 
0.176913 74.562926 188.874007 1.028458 
0.176799 74.564232 189.074154 1.028338 
0.176983 74.568538 189.271819 1.028181 
0.176986 74.563982 189.463266 1.028210 
0.177049 74.566911 189.658181 1.028370 
0.177238 74.562285 189.855525 1.028580 
0.177008 74.565433 190.036668 1.028512 
0.177207 74.561940 190.237585 1.028420 
0.177405 74.563059 190.423564 1.028175 
0.177434 74.563092 190.605404 1.028386 
0.177547 74.568270 190.794564 1.028363 
0.177280 74.573172 190.976528 1.028515 
0.177550 74.568780 191.166533 1.028356 
0.177574 74.567776 191.347980 1.028282 
0.177659 74.565339 191.527420 1.028420 
0.177459 74.564709 191.717039 1.028439 
0.177651 74.559793 191.903339 1.028374 
0.177454 74.560489 192.076408 1.028382 
0.177680 74.563280 192.260865 1.028440 
0.177501 74.565195 192.441644 1.028366 
0.177752 74.559639 192.620350 1.028300 
0.177558 74.559410 192.800301 1.028503 
0.177726 74.560224 192.983763 1.028208 
0.177636 74.559838 193.153104 1.028479 
0.177681 74.565694 193.339195 1.028430 
0.177592 74.565947 193.516809 1.028325 
0.177610 74.566612 193.686565 1.028314 
0.177773 74.560723 193.870693 1.028500 
0.177693 74.572316 194.047424 1.028376 
0.177572 74.573099 194.231198 1.028559 
0.177641 74.571504 194.396754 1.028517 
0.177691 74.576402 194.574489 1.028384 
0.177944 74.576887 194.752274 1.028419 
0.177634 74.574993 194.919462 1.028419 
0.177733 74.576873 195.095763 1.028523 
0.177848 74.586001 195.266982 1.028413 
0.177624 74.585052 195.427122 1.028243 
0.177749 74.589319 195.598609 1.028306 
0.177663 74.591260 195.768392 1.028383 
0.177745 74.590481 195.927855 1.028483 
0.177527 74.589504 196.089930 1.028430 
0.177523 74.595396 196.255687 1.028187 
0.177751 74.587671 196.414393 1.028336 
0.177722 74.596897 196.580191 1.028198 
0.177867 74.600556 196.738807 1.028315 
0.177581 74.594407 196.896686 1.028513 
0.177789 74.604720 197.053804 1.028269 
0.177876 74.603926 197.207522 1.028537 
0.177617 74.604734 197.358345 1.028429 
0.177935 74.602604 197.519919 1.028341 
0.177822 74.608018 197.671022 1.028431 
0.178246 74.611340 197.834925 1.028479 
0.178043 74.607808 197.978331 1.028296 
0.177890 74.605847 198.137488 1.028455 
0.178157 74.606181 198.283079 1.028470 
0.177984 74.606691 198.434966 1.028316 
0.177747 74.598660 198.576847 1.028284 
0.177888 74.598785 198.724195 1.028425 
0.177866 74.603917 198.866518 1.028484 
0.177869 74.603251 199.011634 1.028378 
0.177764 74.601890 199.151965 1.028331 
0.177913 74.608618 199.297266 1.028489 
0.177804 74.600902 199.435609 1.028542 
0.178198 74.603466 199.570058 1.028182 
0.177908 74.603554 199.717829 1.028270 
0.178216 74.605780 199.855323 1.028224 
0.177915 74.606949 199.991624 1.028133 
0.177792 74.598346 200.123536 1.028139 
0.177922 74.593277 200.264301 1.028261 
0.178003 74.596988 200.402419 1.028515 
0.177981 74.596287 200.530354 1.028248 
0.178055 74.600624 200.661272 1.028180 
0.177758 74.600297 200.800476 1.028328 
0.178060 74.606647 200.937138 1.028189 
0.177917 74.596526 201.066594 1.028377 
0.177945 74.593998 201.209675 1.028354 
0.177870 74.595174 201.341671 1.028311 
0.178147 74.594243 201.474272 1.028443 
0.178223 74.591866 201.600839 1.028460 
0.178072 74.596824 201.736274 1.028304 
0.178208 74.598773 201.868033 1.028347 
0.177973 74.586964 201.984653 1.028468 
0.178038 74.590644 202.125995 1.028267 
0.177997 74.587705 202.246630 1.028269 
0.178222 74.587722 202.374357 1.028370 
0.178133 74.587996 202.488375 1.028319 
0.178198 74.584069 202.610919 1.028321 
0.178070 74.589753 202.725509 1.028384 
0.177997 74.584414 202.843276 1.028449 
0.178240 74.582400 202.962286 1.028523 
0.178055 74.587199 203.082049 1.028307 
0.178200 74.584461 203.193051 1.028390 
0.178033 74.579022 203.314365 1.028489 
0.178170 74.581637 203.422420 1.028445 
0.178346 74.578700 203.540826 1.028471 
0.178187 74.578383 203.659948 1.028472 
0.178278 74.574505 203.780113 1.028436 
0.177984 74.572517 203.905643 1.028501 
0.178404 74.575979 204.021588 1.028349 
0.178484 74.573136 204.144677 1.028370 
0.178344 74.566916 204.257411 1.028496 
0.178332 74.563124 204.376482 1.028263 
0.178732 74.559311 204.494765 1.028144 
0.178448 74.557915 204.611151 1.028245 
0.178592 74.556137 204.724114 1.028133 
0.178348 74.549619 204.844637 1.028382 
0.178647 74.549447 204.956311 1.028290 
0.178749 74.556831 205.069204 1.028279 
0.178863 74.546462 205.176084 1.028404 
0.178635 74.545258 205.287191 1.028255 
0.178743 74.551503 205.409183 1.028126 
0.178501 74.544229 205.506316 1.028092 
0.178947 74.543554 205.621337 1.028312 
0.178774 74.545524 205.731620 1.028167 
0.178959 74.541613 205.847419 1.028066 
0.178753 74.540186 205.946503 1.028263 
0.178792 74.538377 206.064898 1.028409 
0.179030 74.538108 206.156964 1.028302 
0.179057 74.536086 206.270854 1.028498 
0.178775 74.535994 206.382408 1.028503 
0.179005 74.539414 206.490721 1.028376 
0.179072 74.537164 206.597424 1.028349 
0.179009 74.533639 206.701392 1.028370 
0.179220 74.538564 206.814179 1.028217 
0.179095 74.532655 206.919698 1.028405 
0.178913 74.529125 207.021641 1.028218 
0.179105 74.537722 207.133914 1.028385 
0.179027 74.531595 207.236595 1.028403 
0.179289 74.540952 207.349807 1.028276 
0.179040 74.535569 207.451050 1.028418 
0.179189 74.535818 207.555706 1.028462 
0.179187 74.526160 207.659671 1.028582 
0.179180 74.530847 207.763813 1.028336 
0.179154 74.523225 207.861494 1.028290 
0.179178 74.525197 207.967422 1.028367 
0.179262 74.531289 208.054634 1.028313 
0.179063 74.526469 208.151488 1.028140 
0.179458 74.529776 208.244985 1.028209 
0.178931 74.526737 208.327079 1.028155 
0.178898 74.525738 208.420337 1.028415 
0.179122 74.530729 208.512098 1.028435 
0.178943 74.525421 208.598663 1.028261 
0.179345 74.524480 208.681342 1.028274 
0.179074 74.527686 208.771212 1.028277 
0.179219 74.521961 208.861350 1.028216 
0.179217 74.518601 208.947298 1.028294 
0.179088 74.523033 209.034631 1.028223 
0.179448 74.528892 209.120632 1.028226 
0.179446 74.517847 209.205730 1.028192 
0.179201 74.518361 209.284301 1.028150 
0.179244 74.512639 209.368820 1.028288 
0.179447 74.523946 209.451352 1.028200 
0.179448 74.520659 209.537405 1.028371 
0.179246 74.529521 209.623254 1.028346 
0.179125 74.523720 209.706492 1.028217 
0.179337 74.517305 209.794784 1.028261 
0.179124 74.518722 209.877741 1.028391 
0.179459 74.511535 209.961341 1.028342 
0.179255 74.516386 210.052080 1.028262 
0.179277 74.526237 210.132418 1.028252 
0.179184 74.519846 210.224981 1.028308 
0.179443 74.522491 210.307213 1.028198 
0.179130 74.525347 210.389184 1.028175 
0.179134 74.524247 210.476025 1.028246 
0.179519 74.522106 210.562179 1.028114 
0.179017 74.519459 210.646554 1.028148 
0.179044 74.522932 210.722940 1.028320 
0.179298 74.521422 210.806125 1.028072 
0.179282 74.527299 210.885838 1.028284 
0.179153 74.534428 210.972342 1.028259 
0.179535 74.531925 211.042305 1.028231 
0.179116 74.535569 211.130093 1.027987 
0.179218 74.536655 211.206419 1.028165 
0.179118 74.527181 211.277887 1.028281 
0.179131 74.535430 211.356574 1.028405 
0.179340 74.532863 211.434566 1.028179 
