0.107438 74.163594 132.998629 1.028293 
0.084385 73.836578 124.454339 1.028186 
0.084369 73.839677 124.403550 1.028220 
0.084577 73.843272 124.358580 1.028204 
0.084660 73.840560 124.303256 1.028099 
0.084581 73.833919 124.259312 1.028061 
0.084660 73.832816 124.213816 1.028240 
0.084893 73.833364 124.160185 1.028376 
0.085011 73.832429 124.121550 1.028331 
0.085032 73.836103 124.075733 1.028342 
0.085238 73.830651 124.026255 1.028288 
0.085212 73.839793 123.984020 1.028234 
0.085280 73.832790 123.941392 1.028359 
0.085480 73.825656 123.896365 1.028316 
0.085352 73.825949 123.862910 1.028046 
0.085837 73.824644 123.820624 1.028201 
0.085682 73.826727 123.783802 1.028263 
0.085739 73.825507 123.741825 1.028401 
0.086102 73.828626 123.712685 1.028256 
0.085858 73.819057 123.666028 1.028155 
0.085877 73.815233 123.624310 1.028189 
0.086024 73.813996 123.596516 1.028216 
0.085938 73.818661 123.555217 1.028173 
0.086070 73.818250 123.517678 1.028144 
0.086349 73.813398 123.478707 1.028305 
0.086256 73.812580 123.442992 1.028280 
0.086180 73.806944 123.404893 1.028229 
0.086522 73.808834 123.361958 1.028159 
0.086530 73.806911 123.325579 1.028317 
0.086425 73.809821 123.294733 1.028256 
0.086440 73.809635 123.252569 1.028206 
0.086714 73.801900 123.208752 1.028331 
0.086767 73.802897 123.178401 1.028348 
0.086602 73.805091 123.144849 1.028148 
0.086884 73.796198 123.094963 1.028266 
0.086803 73.803477 123.063101 1.028286 
0.086589 73.799552 123.022562 1.028429 
0.086787 73.800441 122.991756 1.028249 
0.086504 73.800890 122.954313 1.028324 
0.086969 73.796823 122.910425 1.028227 
0.086561 73.793905 122.881441 1.028415 
0.086819 73.798784 122.840367 1.028288 
0.086858 73.799977 122.797714 1.028382 
0.086803 73.803136 122.780400 1.028265 
0.086739 73.800277 122.728590 1.028240 
0.086735 73.803499 122.696956 1.028429 
0.087076 73.805679 122.663164 1.028326 
0.086840 73.811472 122.629807 1.028120 
0.086907 73.808486 122.600969 1.028323 
0.086658 73.807379 122.557478 1.028306 
0.086732 73.811002 122.529792 1.028227 
0.086793 73.803968 122.491330 1.028347 
0.086852 73.809066 122.457647 1.028118 
0.086860 73.810395 122.422565 1.028267 
0.086921 73.807919 122.395126 1.028339 
0.086731 73.809388 122.361221 1.028258 
0.086985 73.811706 122.328102 1.028141 
0.086812 73.809660 122.291467 1.028269 
0.087066 73.806088 122.255178 1.028141 
0.087119 73.815193 122.221132 1.028304 
0.086871 73.821555 122.195897 1.028382 
0.086862 73.804485 122.163333 1.028301 
0.086696 73.808243 122.134049 1.028262 
0.086970 73.806915 122.099342 1.028186 
0.087086 73.807093 122.071629 1.028237 
0.087088 73.808653 122.033575 1.028201 
0.087322 73.806779 122.003958 1.028169 
0.087070 73.811671 121.952722 1.028271 
0.086933 73.812881 121.932337 1.028218 
0.087033 73.805241 121.895894 1.028204 
0.087146 73.803521 121.867367 1.028110 
0.087033 73.811134 121.834586 1.028272 
0.087370 73.799790 121.800869 1.028316 
0.087100 73.803913 121.767299 1.028310 
0.087275 73.805675 121.736148 1.028134 
0.087321 73.806412 121.703819 1.027944 
0.087043 73.809983 121.674132 1.028288 
0.087220 73.805253 121.641046 1.028271 
0.087263 73.800631 121.601258 1.028136 
0.087238 73.799962 121.573143 1.028189 
0.087464 73.801624 121.536006 1.028247 
0.087059 73.800319 121.499401 1.028373 
0.087302 73.796924 121.471908 1.028191 
0.087362 73.798334 121.432369 1.028240 
0.087337 73.798542 121.390183 1.028279 
0.087313 73.797848 121.361807 1.028321 
0.087414 73.798586 121.325318 1.028345 
0.087331 73.800608 121.295290 1.028395 
0.087287 73.791074 121.261719 1.028244 
0.087495 73.793964 121.227226 1.028187 
0.087436 73.793172 121.186323 1.027994 
0.087411 73.786825 121.151948 1.028201 
0.087177 73.785839 121.116633 1.028393 
0.087089 73.782035 121.076434 1.028368 
0.087275 73.774017 121.034958 1.028152 
0.087449 73.785096 121.007655 1.028221 
0.087103 73.780973 120.970323 1.028327 
0.087314 73.783436 120.936131 1.028228 
0.087040 73.778757 120.897226 1.028264 
0.087083 73.781771 120.864454 1.028375 
0.087008 73.779734 120.831954 1.028281 
0.087328 73.780625 120.806208 1.028372 
0.087039 73.775406 120.767456 1.028456 
0.086980 73.776263 120.730859 1.028528 
0.087093 73.785067 120.707810 1.028451 
0.087427 73.775272 120.679395 1.028540 
0.087156 73.781558 120.652201 1.028493 
0.087368 73.774400 120.621753 1.028350 
0.087275 73.779371 120.602526 1.028173 
0.087164 73.790953 120.578293 1.028202 
0.087424 73.782558 120.550869 1.028229 
0.087206 73.779920 120.531080 1.028223 
0.087651 73.775379 120.499746 1.028291 
0.087584 73.784385 120.488976 1.028377 
0.087651 73.784363 120.466007 1.028335 
0.087507 73.785451 120.440848 1.028238 
0.087560 73.784620 120.413058 1.028282 
0.087570 73.790056 120.394568 1.028278 
0.087687 73.786126 120.367391 1.028115 
0.087874 73.784436 120.353228 1.028164 
0.087582 73.782313 120.320305 1.028253 
0.087735 73.787706 120.301051 1.028168 
0.087704 73.784238 120.280854 1.028291 
0.087701 73.779483 120.254957 1.028101 
0.087878 73.782613 120.230152 1.028226 
0.087701 73.778606 120.221385 1.028184 
0.087600 73.784837 120.201050 1.028162 
0.087802 73.778665 120.183829 1.028167 
0.087670 73.780313 120.159415 1.028465 
0.087854 73.776114 120.139136 1.028301 
0.087852 73.775553 120.122203 1.028141 
0.087859 73.771431 120.101869 1.028163 
0.087914 73.777848 120.078522 1.028247 
0.087809 73.777455 120.059815 1.028221 
0.087827 73.775873 120.036546 1.028396 
0.087978 73.773166 120.023527 1.028289 
0.087918 73.780498 119.997333 1.028318 
0.087993 73.780668 119.981247 1.028178 
0.088074 73.776466 119.960834 1.028250 
0.087983 73.772591 119.948184 1.028171 
0.088155 73.775057 119.921972 1.028234 
0.088102 73.780646 119.910836 1.028144 
0.088069 73.779116 119.890892 1.028364 
0.088297 73.781937 119.877907 1.028270 
0.088110 73.779824 119.857832 1.028268 
0.088101 73.777381 119.834313 1.028279 
0.088336 73.779886 119.824721 1.028327 
0.088155 73.781022 119.808292 1.028114 
0.088450 73.781268 119.790746 1.028098 
0.088339 73.776222 119.779778 1.028227 
0.088528 73.779648 119.753900 1.028265 
0.088506 73.776134 119.741922 1.028285 
0.088562 73.771218 119.722882 1.028251 
0.088225 73.784323 119.714114 1.028184 
0.088670 73.783155 119.690579 1.028448 
0.088667 73.781760 119.669852 1.028362 
0.088568 73.770852 119.659636 1.028439 
0.088546 73.771684 119.634996 1.028331 
0.088359 73.774395 119.622580 1.028297 
0.088492 73.772628 119.613945 1.028292 
0.088536 73.774189 119.590690 1.028268 
0.088527 73.771948 119.588515 1.028331 
0.088435 73.778623 119.574131 1.028407 
0.088613 73.772681 119.557920 1.028486 
0.088358 73.772577 119.540830 1.028220 
0.088245 73.776140 119.529634 1.028200 
0.088501 73.779403 119.512320 1.028293 
0.088279 73.777390 119.493502 1.028256 
0.088625 73.780827 119.476730 1.028295 
0.088644 73.777417 119.466748 1.028139 
0.088669 73.777599 119.438859 1.028330 
0.088539 73.776989 119.426911 1.028385 
0.088528 73.777327 119.401283 1.028161 
0.088609 73.777938 119.380725 1.028403 
0.088684 73.776089 119.355581 1.028145 
0.088770 73.772769 119.336079 1.028146 
0.088794 73.768474 119.316015 1.028318 
0.088865 73.771615 119.280236 1.028527 
0.088754 73.771671 119.255274 1.028317 
0.088829 73.772833 119.222846 1.028248 
0.088858 73.774455 119.193676 1.028483 
0.088568 73.774773 119.164733 1.028405 
0.088780 73.763591 119.133055 1.028463 
0.088607 73.766822 119.098014 1.028477 
0.088523 73.774216 119.066958 1.028399 
0.088596 73.765977 119.033186 1.028471 
0.088635 73.770386 118.999745 1.028366 
0.088770 73.763752 118.965940 1.028371 
0.088559 73.763606 118.930431 1.028342 
0.088277 73.767739 118.891539 1.028437 
0.088554 73.764880 118.863738 1.028073 
0.088495 73.776456 118.820093 1.028143 
0.088246 73.759847 118.787142 1.028260 
0.088071 73.766720 118.761508 1.028246 
0.088467 73.775471 118.724330 1.028361 
0.088075 73.771782 118.680239 1.028125 
0.088059 73.767698 118.654448 1.028288 
0.087912 73.770269 118.626796 1.028341 
0.088048 73.771878 118.597265 1.028417 
0.087794 73.769633 118.564120 1.028318 
