0.155883 74.658090 189.014107 1.028344 
0.154032 74.671818 184.311853 1.028259 
0.153821 74.672075 184.304348 1.028239 
0.153976 74.667427 184.307149 1.028324 
0.153809 74.678709 184.297184 1.028422 
0.153765 74.680625 184.287288 1.028313 
0.153715 74.672070 184.291765 1.028360 
0.153744 74.680279 184.282415 1.028402 
0.153703 74.675553 184.273407 1.028301 
0.153845 74.671119 184.270833 1.028498 
0.153543 74.677745 184.263506 1.028363 
0.153665 74.677840 184.264740 1.028281 
0.153485 74.670306 184.255200 1.028334 
0.153680 74.668911 184.247255 1.028166 
0.153669 74.668805 184.244390 1.028222 
0.153512 74.676622 184.234769 1.028128 
0.153473 74.668923 184.232613 1.028251 
0.153242 74.666490 184.227023 1.028468 
0.153215 74.667289 184.215021 1.028213 
0.153135 74.664908 184.211528 1.028242 
0.153041 74.669962 184.206312 1.028239 
0.153025 74.669453 184.202285 1.028525 
0.153004 74.670660 184.193174 1.028269 
0.152835 74.667046 184.190272 1.028201 
0.153020 74.675881 184.178738 1.028301 
0.152804 74.673797 184.177703 1.028315 
0.153053 74.673224 184.176414 1.028324 
0.152667 74.670727 184.172447 1.028356 
0.152643 74.669487 184.166346 1.027995 
0.152663 74.668816 184.154243 1.028205 
0.152795 74.675324 184.158589 1.028404 
0.152903 74.681522 184.152207 1.028124 
0.152763 74.676807 184.150696 1.028189 
0.152692 74.675839 184.143288 1.028225 
0.152687 74.670632 184.142773 1.028164 
0.152636 74.667466 184.133523 1.028102 
0.152666 74.660383 184.131300 1.028077 
0.152690 74.664499 184.129848 1.028421 
0.152650 74.668698 184.129191 1.028326 
0.152538 74.665633 184.115165 1.028409 
0.152417 74.672180 184.109232 1.028305 
0.152506 74.670967 184.102603 1.028391 
0.152459 74.665109 184.104278 1.028515 
0.152176 74.667921 184.100759 1.028306 
0.152396 74.671016 184.104828 1.028306 
0.152445 74.669951 184.095507 1.028461 
0.152250 74.673098 184.091361 1.028415 
0.152151 74.671478 184.079742 1.028359 
0.151993 74.662075 184.070672 1.028324 
0.152204 74.668251 184.055450 1.028573 
0.152232 74.669916 184.051791 1.028348 
0.152163 74.671575 184.045463 1.028191 
0.152320 74.675671 184.037313 1.028413 
0.151917 74.670777 184.033893 1.028250 
0.152129 74.672447 184.011207 1.028330 
0.152079 74.673680 184.007866 1.028356 
0.151849 74.675274 183.995080 1.028144 
0.152180 74.680502 183.982681 1.028500 
0.152200 74.674255 183.967525 1.028258 
0.152194 74.669219 183.955885 1.028287 
0.152133 74.670466 183.948088 1.028126 
0.152259 74.671988 183.933977 1.028300 
0.152268 74.667657 183.918263 1.028528 
0.152520 74.670665 183.911503 1.028436 
0.152408 74.661130 183.896466 1.028490 
0.152346 74.666096 183.882970 1.028285 
0.152563 74.661046 183.867951 1.028512 
0.152466 74.657103 183.862437 1.028468 
0.152461 74.659414 183.859908 1.028333 
0.152349 74.662484 183.840984 1.028391 
0.152586 74.661943 183.835594 1.028461 
0.152812 74.666393 183.826090 1.028519 
0.152370 74.656491 183.812363 1.028438 
0.152759 74.663674 183.807499 1.028530 
0.152682 74.658017 183.802417 1.028345 
0.152897 74.665818 183.795213 1.028175 
0.152848 74.664781 183.786362 1.028421 
0.152744 74.669462 183.778154 1.028312 
0.152794 74.666964 183.776728 1.028134 
0.152939 74.671454 183.775514 1.028261 
0.152943 74.673998 183.768303 1.028421 
0.152969 74.673948 183.762810 1.028341 
0.153118 74.670390 183.757617 1.028213 
0.153264 74.674731 183.745693 1.028222 
0.152859 74.673287 183.734009 1.028451 
0.153329 74.676959 183.723545 1.028122 
0.152886 74.672309 183.721253 1.028163 
0.153076 74.674237 183.719554 1.028403 
0.153222 74.677802 183.706633 1.028410 
0.153252 74.677138 183.698001 1.028529 
0.153367 74.672198 183.680295 1.028589 
0.153172 74.676276 183.677546 1.028604 
0.153210 74.676440 183.664515 1.028406 
0.153188 74.672116 183.654965 1.028312 
0.153213 74.673296 183.650237 1.028537 
0.153273 74.671778 183.637068 1.028667 
0.153353 74.676492 183.637283 1.028077 
0.153217 74.674277 183.626659 1.028314 
0.153309 74.676218 183.620943 1.028276 
0.153467 74.683928 183.602176 1.028244 
0.153255 74.682394 183.597973 1.028372 
0.153490 74.686100 183.598876 1.028434 
0.153389 74.685350 183.584707 1.028642 
0.153428 74.686240 183.576947 1.028393 
0.153340 74.683939 183.568370 1.028230 
0.153569 74.682270 183.572627 1.028378 
0.153606 74.685509 183.565573 1.028266 
0.153539 74.691053 183.568810 1.028299 
0.153373 74.685771 183.560353 1.028378 
0.153420 74.689181 183.556995 1.028448 
0.153573 74.690808 183.548198 1.028308 
0.153383 74.693306 183.539449 1.028291 
0.153484 74.695975 183.544099 1.028282 
0.153520 74.687631 183.533687 1.028394 
0.153593 74.694648 183.533562 1.028326 
0.153568 74.690780 183.533601 1.028472 
0.153529 74.686169 183.519666 1.028551 
0.153566 74.684955 183.518854 1.028439 
0.153408 74.687760 183.507210 1.028444 
0.153350 74.685495 183.500829 1.028378 
0.153566 74.687270 183.497848 1.028477 
0.153318 74.688443 183.485489 1.028441 
0.153164 74.686059 183.485088 1.028425 
0.153047 74.688999 183.469744 1.028494 
0.153031 74.687481 183.473740 1.028410 
0.153175 74.686103 183.460113 1.028364 
0.152995 74.690728 183.450296 1.028413 
0.153066 74.691243 183.439674 1.028428 
0.152968 74.685200 183.431792 1.028459 
0.153039 74.689582 183.429607 1.028449 
0.152968 74.691387 183.416117 1.028429 
0.152981 74.693752 183.415317 1.028356 
0.152923 74.687276 183.402857 1.028433 
0.152918 74.690783 183.396425 1.028490 
0.152571 74.688494 183.389447 1.028274 
0.152815 74.694621 183.377801 1.028636 
0.152734 74.693873 183.368787 1.028353 
0.152713 74.687256 183.371912 1.028427 
0.152723 74.696744 183.364954 1.028239 
0.152569 74.692724 183.366171 1.028299 
0.152613 74.694740 183.361177 1.028425 
0.152527 74.694909 183.358212 1.028311 
0.152224 74.699391 183.353831 1.028500 
0.152282 74.699258 183.355793 1.028428 
0.152193 74.691083 183.340874 1.028287 
0.152286 74.690219 183.343177 1.028389 
0.152308 74.690060 183.341542 1.028422 
0.152133 74.696376 183.341943 1.028364 
0.151962 74.693203 183.342174 1.028342 
0.152175 74.695762 183.347981 1.028398 
0.151818 74.694241 183.345327 1.028454 
0.151959 74.697442 183.344025 1.028538 
0.151656 74.698844 183.343171 1.028474 
0.151683 74.693940 183.349716 1.028546 
0.151882 74.690126 183.342224 1.028527 
0.151982 74.705978 183.344738 1.028372 
0.152021 74.697651 183.326294 1.028483 
0.151765 74.708981 183.336799 1.028620 
0.151797 74.712985 183.325760 1.028381 
0.151795 74.708023 183.325983 1.028343 
0.151770 74.708435 183.311728 1.028467 
0.151807 74.712621 183.313991 1.028501 
0.151671 74.709279 183.304318 1.028433 
0.151708 74.705341 183.301228 1.028492 
0.151652 74.705328 183.287803 1.028306 
0.151768 74.705334 183.294843 1.028387 
0.151949 74.709964 183.289934 1.028307 
0.151551 74.708595 183.285638 1.028560 
0.151727 74.696565 183.283404 1.028565 
0.151634 74.707555 183.289133 1.028331 
0.151665 74.708359 183.278416 1.028497 
0.151480 74.712525 183.273175 1.028315 
0.151691 74.710361 183.272499 1.028553 
0.151369 74.708419 183.269182 1.028322 
0.151491 74.706952 183.267103 1.028451 
0.151493 74.711135 183.259528 1.028514 
0.151683 74.708491 183.249006 1.028336 
0.151559 74.705895 183.254967 1.028318 
0.151536 74.714921 183.242349 1.028521 
0.151659 74.718899 183.238183 1.028402 
0.151319 74.709379 183.239506 1.028451 
0.151466 74.709919 183.220757 1.028448 
0.151614 74.711869 183.224214 1.028432 
0.151451 74.705384 183.217549 1.028350 
0.151283 74.707381 183.219728 1.028408 
0.151574 74.705062 183.203923 1.028297 
0.151492 74.714185 183.211741 1.028178 
0.151627 74.713492 183.195794 1.028481 
0.151398 74.716346 183.189650 1.028435 
0.151479 74.709846 183.184444 1.028385 
0.151507 74.715600 183.173686 1.028531 
0.151342 74.710799 183.176978 1.028438 
0.151450 74.712338 183.169246 1.028280 
0.151393 74.713154 183.161325 1.028357 
0.151802 74.721780 183.156615 1.028450 
0.151400 74.710176 183.155649 1.028311 
0.151537 74.706171 183.156790 1.028336 
0.151555 74.714133 183.143885 1.028427 
0.151452 74.711795 183.142402 1.028362 
0.151567 74.712729 183.130288 1.028315 
