0.101518 74.711007 123.862967 1.028136 
0.087021 74.427663 115.313560 1.028164 
0.087353 74.426978 115.273982 1.028259 
0.087127 74.426741 115.235653 1.028072 
0.087178 74.425369 115.201871 1.028136 
0.087384 74.425569 115.168850 1.028258 
0.087070 74.425236 115.146630 1.028157 
0.087270 74.428285 115.106033 1.028198 
0.087151 74.424254 115.071195 1.028038 
0.087373 74.429296 115.043342 1.028165 
0.087347 74.424805 115.003196 1.028184 
0.087329 74.419069 114.976326 1.028139 
0.087269 74.426635 114.949506 1.028225 
0.087305 74.422273 114.919857 1.028377 
0.087306 74.424773 114.879067 1.028202 
0.087463 74.418063 114.851144 1.028163 
0.087425 74.416297 114.825625 1.028205 
0.087258 74.419870 114.796019 1.028223 
0.087264 74.416076 114.758328 1.028347 
0.086983 74.412467 114.729779 1.028375 
0.087085 74.415770 114.699865 1.028156 
0.087101 74.422040 114.672156 1.028226 
0.086785 74.416907 114.630052 1.028304 
0.087049 74.416400 114.595785 1.028194 
0.086654 74.417663 114.559293 1.028214 
0.086543 74.426437 114.524100 1.028409 
0.086617 74.423116 114.492836 1.028244 
0.086583 74.420203 114.458665 1.028242 
0.086274 74.420486 114.414679 1.028204 
0.086159 74.424862 114.381716 1.028386 
0.086140 74.422474 114.348077 1.028303 
0.085995 74.420789 114.311672 1.027807 
0.086161 74.423985 114.278872 1.028182 
0.085820 74.419399 114.254617 1.028194 
0.085789 74.421037 114.208455 1.028066 
0.085829 74.420211 114.176953 1.028097 
0.085801 74.422807 114.145580 1.028089 
0.085411 74.424971 114.120051 1.028105 
0.085566 74.421356 114.085195 1.028263 
0.085463 74.425728 114.057596 1.028130 
0.085356 74.420961 114.025925 1.028417 
0.085130 74.413578 113.996997 1.028259 
0.085253 74.415742 113.956510 1.028237 
0.085060 74.419774 113.920159 1.028165 
0.084932 74.416727 113.886298 1.028264 
0.084974 74.417670 113.864759 1.028272 
0.084716 74.420103 113.833256 1.028225 
0.084778 74.415957 113.798558 1.028141 
0.084727 74.415220 113.770960 1.028256 
0.084516 74.420000 113.738503 1.028282 
0.084558 74.425866 113.700500 1.028235 
0.084434 74.421683 113.670860 1.027972 
0.084308 74.419946 113.637313 1.028277 
0.084088 74.428473 113.606915 1.028452 
0.084194 74.420545 113.574283 1.028388 
0.084194 74.411946 113.539801 1.028403 
0.084069 74.424373 113.507148 1.028451 
0.084067 74.419510 113.467494 1.028412 
0.083956 74.420436 113.453039 1.028375 
0.083740 74.414752 113.411076 1.028376 
0.083986 74.416780 113.389768 1.028492 
0.083729 74.414416 113.362481 1.028472 
0.083919 74.413830 113.328175 1.028329 
0.083772 74.420406 113.303983 1.028435 
0.083478 74.412902 113.280440 1.028444 
0.083582 74.410578 113.251754 1.028430 
0.083684 74.413000 113.225730 1.028247 
0.083306 74.406355 113.206726 1.028177 
0.083008 74.398929 113.174777 1.028217 
0.083592 74.409120 113.154286 1.028299 
0.083312 74.403326 113.133887 1.028471 
0.083334 74.404628 113.103798 1.028139 
0.083228 74.408274 113.087276 1.028285 
0.083305 74.411061 113.063881 1.028224 
0.082953 74.397999 113.041166 1.028292 
0.082794 74.404702 113.027469 1.027993 
0.083046 74.402800 113.008904 1.028286 
0.083068 74.402068 112.975118 1.028385 
0.082604 74.405988 112.955420 1.028320 
0.082994 74.401525 112.928205 1.028221 
0.082702 74.396405 112.901368 1.028310 
0.082552 74.400109 112.879850 1.028028 
0.082657 74.402202 112.861755 1.027956 
0.082504 74.397119 112.833595 1.028041 
0.082465 74.403449 112.812140 1.028184 
0.082583 74.398837 112.786298 1.028415 
0.082548 74.395331 112.763484 1.028427 
0.082317 74.400243 112.738363 1.028398 
0.082398 74.394687 112.723346 1.028338 
0.082705 74.396972 112.698626 1.028215 
0.082449 74.400688 112.665883 1.028274 
0.082370 74.401763 112.651259 1.028421 
0.082381 74.396179 112.626673 1.028384 
0.082365 74.393510 112.611945 1.028353 
0.082380 74.394898 112.590294 1.028346 
0.082485 74.393426 112.581161 1.028239 
0.082376 74.395583 112.558337 1.028271 
0.082471 74.391561 112.550971 1.028184 
0.082402 74.398154 112.534381 1.028406 
0.082685 74.388798 112.526773 1.028440 
0.082502 74.390211 112.504735 1.028374 
0.082750 74.385309 112.494506 1.028408 
0.082658 74.378820 112.478304 1.028436 
0.082696 74.380547 112.460179 1.028289 
0.082655 74.384636 112.450631 1.028190 
0.082854 74.378760 112.419521 1.028251 
0.082771 74.376646 112.411489 1.028301 
0.082760 74.377602 112.389058 1.028217 
0.082935 74.372947 112.370240 1.028565 
0.082716 74.372069 112.347205 1.028377 
0.082930 74.363739 112.328312 1.028150 
0.082776 74.368759 112.303479 1.028289 
0.082863 74.360446 112.279746 1.028309 
0.082870 74.364630 112.258968 1.028225 
0.083072 74.355891 112.243566 1.028229 
0.083008 74.364240 112.221957 1.028165 
0.083082 74.366725 112.190628 1.028360 
0.083055 74.364890 112.181657 1.028311 
0.082898 74.358281 112.166549 1.028172 
0.083193 74.354017 112.143447 1.028427 
0.083245 74.355562 112.121080 1.028341 
0.083150 74.356082 112.097500 1.028373 
0.083065 74.348070 112.079650 1.028324 
0.083126 74.347752 112.057958 1.028570 
0.083475 74.346118 112.036111 1.028233 
0.083157 74.346698 112.013317 1.028333 
0.083356 74.344620 111.992078 1.028210 
0.083239 74.337934 111.974088 1.028298 
0.083475 74.343665 111.956592 1.028161 
0.083659 74.340742 111.935783 1.028406 
0.083530 74.340675 111.917831 1.028369 
0.083445 74.341513 111.903751 1.028331 
0.083670 74.339130 111.883205 1.028229 
0.083559 74.337534 111.860598 1.028323 
0.083819 74.344900 111.854471 1.028495 
0.083591 74.340210 111.831847 1.028571 
0.083675 74.336313 111.825389 1.028260 
0.083687 74.332906 111.791563 1.028278 
0.083906 74.336130 111.780731 1.028173 
0.083716 74.341857 111.758584 1.028128 
0.083744 74.337119 111.754228 1.028299 
0.083810 74.342252 111.731112 1.028317 
0.083833 74.346389 111.717912 1.028249 
0.083819 74.342799 111.706845 1.028275 
0.084057 74.342825 111.687209 1.028399 
0.083952 74.339384 111.669992 1.028242 
0.083977 74.348645 111.652708 1.028333 
0.084009 74.345037 111.643305 1.028188 
0.084082 74.351596 111.614835 1.028099 
0.084143 74.340953 111.615441 1.028115 
0.084032 74.347676 111.591863 1.028066 
0.084323 74.351619 111.583921 1.028319 
0.083994 74.354747 111.565424 1.028350 
0.083917 74.352282 111.555376 1.028077 
0.084163 74.356803 111.548157 1.028070 
0.084054 74.345922 111.527077 1.028330 
0.084185 74.357894 111.513389 1.028185 
0.083945 74.356616 111.500318 1.028227 
0.084233 74.357733 111.485150 1.028108 
0.084226 74.356926 111.477033 1.028136 
0.084232 74.356778 111.463625 1.028030 
0.084116 74.358968 111.456246 1.028016 
0.084301 74.360294 111.441635 1.028368 
0.084225 74.362658 111.435504 1.028362 
0.084389 74.354444 111.429621 1.028388 
0.084106 74.356012 111.415940 1.028184 
0.084505 74.364722 111.406863 1.028252 
0.084575 74.353918 111.395788 1.028313 
0.084358 74.360193 111.382579 1.028197 
0.084317 74.356046 111.367487 1.028253 
0.084369 74.354262 111.356036 1.028319 
0.084583 74.352489 111.348995 1.028212 
0.084333 74.355147 111.334565 1.028298 
0.084429 74.352120 111.315714 1.028228 
0.084455 74.350167 111.299614 1.028190 
0.084542 74.346807 111.296375 1.028447 
0.084429 74.351592 111.273221 1.028351 
0.084164 74.344189 111.262677 1.028401 
0.084390 74.350208 111.236269 1.028194 
0.084257 74.344460 111.223462 1.028202 
0.084163 74.340820 111.207479 1.028225 
0.084048 74.341575 111.190373 1.028301 
0.084140 74.342569 111.163310 1.028352 
0.084225 74.342737 111.151366 1.028238 
0.084036 74.338199 111.136485 1.028123 
0.084176 74.337452 111.125149 1.028154 
0.084209 74.338992 111.100091 1.028226 
0.084191 74.335102 111.084901 1.028242 
0.084018 74.334821 111.067001 1.028313 
0.083968 74.326939 111.039081 1.028361 
0.084061 74.329702 111.027135 1.028185 
0.084060 74.329295 111.017036 1.028382 
0.083889 74.329135 110.997958 1.028269 
0.083782 74.322551 110.973457 1.028187 
0.083749 74.324673 110.966184 1.028160 
0.083767 74.323776 110.946090 1.028234 
0.083900 74.320339 110.939225 1.028415 
0.083678 74.327936 110.926364 1.028213 
0.083563 74.319371 110.913591 1.028210 
0.083496 74.323132 110.899565 1.028159 
