0.179139 74.532909 211.508735 1.028286 
0.161974 74.384109 212.562909 1.028473 
0.161919 74.388171 212.518946 1.028460 
0.161654 74.379292 212.457443 1.028512 
0.162003 74.380159 212.417131 1.028596 
0.161656 74.378900 212.365089 1.028427 
0.161811 74.385093 212.319401 1.028455 
0.161692 74.389154 212.282145 1.028390 
0.161770 74.387120 212.237493 1.028297 
0.161601 74.385275 212.192263 1.028401 
0.161392 74.380117 212.153232 1.028467 
0.161679 74.379641 212.114246 1.028323 
0.161512 74.379308 212.061468 1.028245 
0.161284 74.377120 212.010142 1.028419 
0.161304 74.376086 211.975872 1.028354 
0.161547 74.379064 211.933964 1.028463 
0.161083 74.376921 211.889048 1.028330 
0.161184 74.378957 211.849138 1.028464 
0.161369 74.369073 211.808189 1.028343 
0.161187 74.375413 211.763127 1.028449 
0.161076 74.377094 211.734724 1.028439 
0.161207 74.375682 211.693248 1.028298 
0.160927 74.374747 211.652480 1.028203 
0.161242 74.374461 211.605864 1.028279 
0.160914 74.375809 211.576661 1.028380 
0.161126 74.373351 211.536861 1.028241 
0.161141 74.376287 211.494241 1.028260 
0.161048 74.370487 211.449539 1.028304 
0.161278 74.371145 211.417484 1.028291 
0.161000 74.369264 211.376209 1.028334 
0.161208 74.370042 211.341575 1.028415 
0.161093 74.369114 211.304852 1.028299 
0.161001 74.369153 211.265653 1.028245 
0.160879 74.364366 211.233333 1.028290 
0.161028 74.361748 211.187542 1.028148 
0.161079 74.368174 211.159030 1.028286 
0.161072 74.365108 211.118196 1.028372 
0.161095 74.366697 211.082875 1.028304 
0.161182 74.369935 211.047060 1.028371 
0.161311 74.369579 211.004211 1.028227 
0.161363 74.373865 210.962553 1.028449 
0.161181 74.371658 210.936595 1.028244 
0.161089 74.372151 210.900574 1.028377 
0.161199 74.374202 210.870788 1.028413 
0.161161 74.374376 210.831500 1.028227 
0.161146 74.378315 210.799957 1.028415 
0.161407 74.382596 210.763514 1.028312 
0.161113 74.381176 210.714866 1.028458 
0.161137 74.379217 210.673863 1.028475 
0.161404 74.387500 210.638076 1.028462 
0.161189 74.387276 210.605922 1.028496 
0.160999 74.386812 210.564598 1.028376 
0.161213 74.378294 210.529439 1.028451 
0.161035 74.382228 210.480036 1.028290 
0.161149 74.379344 210.448472 1.028512 
0.160820 74.376184 210.396037 1.028311 
0.161130 74.370107 210.351234 1.028452 
0.161109 74.371384 210.324009 1.028312 
0.161046 74.374990 210.275179 1.028232 
0.161190 74.373234 210.234902 1.028251 
0.161158 74.375676 210.186192 1.028191 
0.161019 74.370241 210.146672 1.028483 
0.160841 74.370077 210.103620 1.028496 
0.161060 74.371815 210.067362 1.028599 
0.160937 74.369080 210.027863 1.028389 
0.161078 74.366754 209.983503 1.028310 
0.161091 74.372882 209.947720 1.028393 
0.160971 74.368897 209.907276 1.028470 
0.160946 74.369404 209.867510 1.028416 
0.160794 74.364912 209.820045 1.028414 
0.160986 74.369342 209.780838 1.028612 
0.160598 74.361546 209.736400 1.028329 
0.160923 74.360446 209.691599 1.028450 
0.160894 74.362787 209.644260 1.028462 
0.160634 74.360373 209.597833 1.028368 
0.160994 74.354578 209.547376 1.028415 
0.160673 74.358550 209.494940 1.028331 
0.161047 74.354415 209.451451 1.028462 
0.160699 74.355005 209.403944 1.028618 
0.160756 74.351245 209.357821 1.028514 
0.160799 74.351972 209.301256 1.028341 
0.160580 74.350386 209.253312 1.028336 
0.160648 74.343280 209.208273 1.028632 
0.160353 74.337785 209.164736 1.028505 
0.160530 74.342384 209.116245 1.028303 
0.160725 74.345261 209.074271 1.028316 
0.160362 74.342329 209.034722 1.028411 
0.160651 74.341193 208.985328 1.028251 
0.160586 74.337253 208.939799 1.028304 
0.160417 74.347218 208.904858 1.028314 
0.160659 74.337584 208.860343 1.028401 
0.160390 74.340782 208.821876 1.028221 
0.160412 74.347584 208.786302 1.028286 
0.160499 74.344969 208.761584 1.028348 
0.160398 74.346870 208.721867 1.028289 
0.160670 74.351709 208.692404 1.028407 
0.160578 74.353520 208.656718 1.028396 
0.160626 74.353505 208.635457 1.028302 
0.160498 74.347676 208.615074 1.028488 
0.160703 74.352244 208.588950 1.028403 
0.160436 74.351176 208.557580 1.028484 
0.160670 74.353779 208.537855 1.028660 
0.160736 74.350099 208.511714 1.028424 
0.160620 74.349440 208.494374 1.028371 
0.160558 74.358043 208.473964 1.028507 
0.160681 74.354907 208.453553 1.028388 
0.160583 74.355370 208.435817 1.028465 
0.160724 74.350248 208.411887 1.028418 
0.160467 74.361795 208.401677 1.028302 
0.160632 74.361578 208.386401 1.028372 
0.160447 74.361565 208.372799 1.028336 
0.160664 74.367564 208.361482 1.028552 
0.160680 74.366594 208.339546 1.028351 
0.160447 74.361888 208.323925 1.028385 
0.160729 74.365522 208.309932 1.028473 
0.160481 74.367719 208.290307 1.028325 
0.160402 74.366665 208.262400 1.028242 
0.160366 74.385602 208.255802 1.028109 
0.160271 74.371363 208.241012 1.028268 
0.160503 74.377873 208.225725 1.028454 
0.160503 74.377380 208.207998 1.028383 
0.160360 74.382662 208.202410 1.028343 
0.160530 74.386203 208.188876 1.028461 
0.160676 74.392594 208.167527 1.028329 
0.160462 74.393381 208.156532 1.028481 
0.160641 74.389924 208.133346 1.028455 
0.160563 74.395681 208.118945 1.028195 
0.160606 74.399684 208.095655 1.028433 
0.160614 74.402255 208.076057 1.028463 
0.160804 74.395039 208.055253 1.028240 
0.160846 74.396849 208.042506 1.028472 
0.160658 74.397122 208.019021 1.028232 
0.160988 74.401451 208.000767 1.028359 
0.161215 74.396918 207.981750 1.028346 
0.160993 74.403071 207.962669 1.028255 
0.161300 74.406226 207.940481 1.028164 
0.161332 74.399953 207.931623 1.028317 
0.161329 74.398894 207.914374 1.028193 
0.161336 74.399614 207.900835 1.028445 
0.161219 74.408233 207.884654 1.028194 
0.161607 74.399730 207.867722 1.028213 
0.161492 74.409308 207.852989 1.028214 
0.161634 74.407522 207.840232 1.028441 
0.161686 74.404280 207.823740 1.028272 
0.161655 74.408854 207.814778 1.028168 
0.161940 74.413759 207.809764 1.028063 
0.161992 74.412806 207.792280 1.028355 
0.161659 74.416562 207.770811 1.028227 
0.161911 74.423925 207.758731 1.028336 
0.161983 74.421965 207.747980 1.028216 
0.162038 74.423760 207.728895 1.028427 
0.162081 74.420699 207.723776 1.028533 
0.162130 74.425263 207.711970 1.028296 
0.162050 74.432974 207.697406 1.028460 
0.162185 74.432150 207.692914 1.028409 
0.162139 74.427935 207.687175 1.028363 
0.162155 74.432490 207.679332 1.028366 
0.162172 74.436882 207.672107 1.028173 
0.162125 74.435717 207.660572 1.028291 
0.162260 74.438826 207.649160 1.028235 
0.162563 74.437633 207.636618 1.028385 
0.162156 74.436407 207.636353 1.028400 
0.162401 74.439009 207.635436 1.028182 
0.162465 74.439178 207.617830 1.028203 
0.162612 74.446780 207.613621 1.028345 
0.162478 74.447799 207.610872 1.028388 
0.162427 74.449819 207.600122 1.028308 
0.162416 74.448959 207.594582 1.028277 
0.162483 74.451191 207.592558 1.028288 
0.162565 74.454517 207.588817 1.028134 
0.162659 74.462645 207.576331 1.028273 
0.162514 74.459949 207.566088 1.028461 
0.162680 74.460390 207.565898 1.028456 
0.162465 74.462336 207.565231 1.028452 
0.162759 74.457432 207.558403 1.028345 
0.162658 74.459424 207.550987 1.028349 
0.162793 74.466935 207.542573 1.028451 
0.162849 74.462883 207.531568 1.028502 
0.162754 74.457477 207.516335 1.028397 
0.162705 74.463747 207.513163 1.028294 
0.162831 74.458161 207.502489 1.028432 
0.162575 74.459228 207.493114 1.028304 
0.162890 74.453436 207.478540 1.028434 
0.162847 74.455304 207.464268 1.028231 
0.162826 74.468809 207.459348 1.028355 
0.163081 74.469799 207.454347 1.028297 
0.162727 74.459845 207.444689 1.028202 
0.163066 74.470549 207.438785 1.028170 
0.162951 74.476526 207.421372 1.028237 
0.162959 74.472830 207.428371 1.028401 
0.163050 74.470223 207.409719 1.028342 
0.163072 74.467942 207.407364 1.028244 
0.162889 74.466029 207.391533 1.028208 
0.163102 74.463441 207.392746 1.028268 
0.163180 74.464524 207.378077 1.028232 
0.162779 74.463395 207.370914 1.028289 
0.162898 74.461574 207.364950 1.028166 
0.163037 74.464070 207.356430 1.028280 
0.163006 74.468828 207.348572 1.028402 
0.163105 74.467483 207.325922 1.028200 
