0.086952 73.124009 118.154865 1.028177 
0.132299 72.800293 152.038058 1.028158 
0.132175 72.796094 152.103537 1.027914 
0.132542 72.791555 152.156654 1.028097 
0.132687 72.789967 152.213997 1.028200 
0.132580 72.786961 152.269282 1.028137 
0.132714 72.792755 152.324329 1.028210 
0.132835 72.785748 152.381518 1.028208 
0.132822 72.787601 152.430693 1.028205 
0.132739 72.788115 152.496789 1.028250 
0.132751 72.783320 152.551931 1.028126 
0.132944 72.781543 152.604561 1.028285 
0.133068 72.777422 152.661776 1.028253 
0.133136 72.777440 152.715004 1.028103 
0.133003 72.775870 152.778003 1.028141 
0.133240 72.780610 152.827388 1.028123 
0.133083 72.770261 152.884340 1.028327 
0.133208 72.772276 152.939034 1.028209 
0.133189 72.769856 152.996105 1.028222 
0.133250 72.767528 153.046228 1.028123 
0.133227 72.772399 153.104068 1.028019 
0.133150 72.769197 153.166078 1.028033 
0.133522 72.772480 153.216924 1.027984 
0.133271 72.770533 153.271879 1.028021 
0.133397 72.766378 153.320097 1.028166 
0.133221 72.766089 153.380742 1.028151 
0.133511 72.767103 153.429391 1.028321 
0.133465 72.767614 153.489713 1.028311 
0.133437 72.766020 153.541649 1.028076 
0.133290 72.764378 153.595644 1.028285 
0.133598 72.763698 153.639823 1.028201 
0.133524 72.760055 153.683015 1.028145 
0.133397 72.763587 153.744370 1.028130 
0.133474 72.759343 153.792989 1.028105 
0.133545 72.755819 153.843829 1.028180 
0.133460 72.748609 153.883021 1.028051 
0.133691 72.747155 153.938020 1.028358 
0.133513 72.753241 153.998577 1.028262 
0.133512 72.761456 154.053330 1.028234 
0.133364 72.755849 154.097095 1.028139 
0.133340 72.749480 154.151968 1.028261 
0.133378 72.747264 154.214159 1.028268 
0.133424 72.750500 154.262518 1.028163 
0.133255 72.753290 154.324592 1.028157 
0.133421 72.750224 154.370333 1.028198 
0.133175 72.748667 154.413257 1.028203 
0.133139 72.742976 154.470523 1.028127 
0.133253 72.747406 154.511275 1.028333 
0.133101 72.756313 154.569960 1.028176 
0.133237 72.756132 154.610121 1.028182 
0.133140 72.747369 154.648550 1.028231 
0.133042 72.759421 154.702899 1.028245 
0.133151 72.753725 154.745022 1.028182 
0.133010 72.756050 154.785937 1.028131 
0.133001 72.754573 154.834782 1.028093 
0.132844 72.752371 154.877618 1.028278 
0.132925 72.756353 154.921843 1.028226 
0.133059 72.757664 154.953522 1.028012 
0.133104 72.752723 155.005459 1.028243 
0.132824 72.753474 155.051427 1.028159 
0.132914 72.750019 155.087894 1.028103 
0.133094 72.749974 155.124353 1.028050 
0.132989 72.751546 155.175752 1.028268 
0.132982 72.751745 155.230067 1.028232 
0.132999 72.744653 155.275024 1.028308 
0.132774 72.747818 155.316291 1.028037 
0.132926 72.743753 155.366348 1.028261 
0.132851 72.743272 155.402388 1.028308 
0.132687 72.750659 155.446072 1.028023 
0.132496 72.755461 155.488832 1.028158 
0.132541 72.751485 155.539634 1.028131 
0.132641 72.745209 155.561842 1.028173 
0.132577 72.748147 155.614723 1.028067 
0.132199 72.760145 155.656344 1.027930 
0.132142 72.749991 155.693837 1.028047 
0.132233 72.748947 155.741952 1.028256 
0.132231 72.747357 155.785668 1.028342 
0.132233 72.752456 155.819384 1.028249 
0.132404 72.748256 155.873414 1.028226 
0.131942 72.756120 155.917111 1.028080 
0.132093 72.749618 155.958307 1.028284 
0.132122 72.743597 156.012886 1.028255 
0.132347 72.743875 156.053899 1.028275 
0.132229 72.749558 156.097964 1.028294 
0.132014 72.750357 156.152457 1.028324 
0.132067 72.749151 156.197919 1.028159 
0.132229 72.746689 156.231349 1.028331 
0.131806 72.748275 156.283602 1.028332 
0.132136 72.747169 156.327335 1.028239 
0.132165 72.755080 156.375347 1.028276 
0.132089 72.747218 156.416571 1.028153 
0.131963 72.745373 156.463232 1.028102 
0.132266 72.744187 156.507337 1.028089 
0.132165 72.748167 156.540030 1.028166 
0.132259 72.750064 156.576376 1.028149 
0.132099 72.752009 156.605013 1.028245 
0.131930 72.753596 156.638896 1.028147 
0.132245 72.754519 156.682650 1.028147 
0.132128 72.755187 156.719108 1.028171 
0.132269 72.755143 156.754191 1.028218 
0.132162 72.757337 156.778549 1.028109 
0.132199 72.750638 156.809820 1.028240 
0.132248 72.751561 156.838059 1.028189 
0.132146 72.756801 156.862479 1.028190 
0.132198 72.759079 156.893288 1.028228 
0.131856 72.758442 156.919569 1.028235 
0.132115 72.757750 156.940249 1.028263 
0.132226 72.758660 156.973238 1.028375 
0.132422 72.756260 157.007109 1.028353 
0.132260 72.762707 157.041902 1.027980 
0.132158 72.762680 157.078202 1.028166 
0.132278 72.759961 157.113096 1.028116 
0.132203 72.760413 157.148755 1.028198 
0.132118 72.763630 157.174709 1.027998 
0.132277 72.767098 157.207314 1.028271 
0.132139 72.757026 157.243789 1.028141 
0.132299 72.757384 157.277676 1.028046 
0.132460 72.759927 157.308433 1.028081 
0.132198 72.753254 157.329580 1.027963 
0.132261 72.751292 157.361366 1.028065 
0.132295 72.758656 157.390508 1.028166 
0.132365 72.761402 157.423955 1.028277 
0.132360 72.750377 157.453235 1.028094 
0.132269 72.756128 157.491906 1.028047 
0.132572 72.753638 157.520799 1.028063 
0.132212 72.753586 157.543552 1.028161 
0.132487 72.749500 157.578279 1.028350 
0.132405 72.744606 157.603556 1.028291 
0.132624 72.743553 157.638452 1.028284 
0.132586 72.747305 157.668900 1.028251 
0.132754 72.744456 157.696493 1.028249 
0.132680 72.742120 157.727879 1.028323 
0.132853 72.741438 157.759843 1.028258 
0.132729 72.739997 157.782814 1.028133 
0.132771 72.740051 157.807750 1.028190 
0.132795 72.737236 157.831177 1.028042 
0.133098 72.736672 157.854603 1.028283 
0.132793 72.740010 157.892846 1.028210 
0.132871 72.742333 157.915359 1.028193 
0.132877 72.741593 157.940970 1.028285 
0.133046 72.737593 157.952510 1.028185 
0.133077 72.742642 157.984517 1.028231 
0.133178 72.741625 157.997115 1.028284 
0.133163 72.739678 158.029370 1.028008 
0.133119 72.745157 158.061479 1.028207 
0.133222 72.745673 158.088698 1.028039 
0.133223 72.740232 158.101998 1.028157 
0.133190 72.742053 158.124240 1.028138 
0.133225 72.748425 158.160239 1.028118 
0.133161 72.749179 158.175371 1.028199 
0.133144 72.734331 158.190343 1.028276 
0.133358 72.741759 158.203579 1.028288 
0.133396 72.746000 158.224701 1.028064 
0.133230 72.750085 158.253290 1.028167 
0.133361 72.758608 158.277263 1.028408 
0.133497 72.751314 158.290959 1.028201 
0.133135 72.758710 158.324951 1.027936 
0.133521 72.749172 158.342489 1.028075 
0.133143 72.748452 158.371724 1.028035 
0.133456 72.745592 158.385099 1.028149 
0.133323 72.751997 158.416491 1.028067 
0.133433 72.748540 158.432423 1.028128 
0.133272 72.748963 158.453703 1.028417 
0.133523 72.749514 158.478054 1.028182 
0.133165 72.744550 158.505653 1.028226 
0.133636 72.736550 158.519072 1.028109 
0.133273 72.735757 158.545870 1.027919 
0.133170 72.740929 158.564258 1.028054 
0.133289 72.736127 158.591002 1.027953 
0.133434 72.729857 158.615166 1.028032 
0.133172 72.738445 158.640004 1.028053 
0.133260 72.731086 158.652757 1.028115 
0.133248 72.734249 158.679416 1.028020 
0.133480 72.737611 158.711874 1.028050 
0.133213 72.735412 158.734214 1.027942 
0.133275 72.726838 158.751448 1.028184 
0.133257 72.729735 158.782971 1.027787 
0.132894 72.728921 158.806333 1.028158 
0.133053 72.726604 158.848850 1.028203 
0.133025 72.718777 158.868158 1.028248 
0.132933 72.724302 158.886461 1.028263 
0.132823 72.716050 158.921214 1.028066 
0.132930 72.727070 158.946748 1.028215 
0.133065 72.725260 158.977779 1.028095 
0.132850 72.723580 159.002739 1.028030 
0.132833 72.718079 159.036384 1.028040 
0.132919 72.727031 159.057969 1.028178 
0.132784 72.728405 159.087662 1.028186 
0.132486 72.729261 159.122645 1.028047 
0.132598 72.724182 159.159462 1.028321 
0.132629 72.729638 159.191818 1.028064 
0.132378 72.723115 159.218331 1.028152 
0.132602 72.728009 159.248398 1.028333 
0.132471 72.725484 159.286137 1.028286 
0.132556 72.715216 159.315434 1.028241 
0.132529 72.728388 159.343974 1.028073 
0.132181 72.722594 159.381484 1.027970 
0.132506 72.725590 159.397266 1.028080 
0.132204 72.728183 159.427729 1.028130 
0.132227 72.729328 159.461390 1.028041 
