0.083354 74.312253 110.880836 1.028181 
0.108501 74.238071 127.858668 1.028289 
0.108522 74.237478 127.904215 1.028380 
0.108709 74.219992 127.949478 1.028265 
0.108584 74.226353 127.993428 1.028346 
0.108359 74.226533 128.032520 1.028382 
0.108539 74.219698 128.078577 1.028543 
0.108328 74.215323 128.123568 1.028336 
0.108478 74.222236 128.165096 1.028425 
0.108386 74.215840 128.202839 1.028292 
0.108514 74.219211 128.244393 1.028349 
0.108410 74.220724 128.288586 1.028212 
0.108553 74.210996 128.323547 1.028354 
0.108498 74.215495 128.360372 1.028251 
0.108369 74.209656 128.400846 1.028330 
0.108590 74.213074 128.432877 1.028203 
0.108531 74.203947 128.468648 1.028077 
0.108636 74.204488 128.509195 1.028033 
0.108271 74.204447 128.549485 1.028232 
0.108604 74.205319 128.587357 1.028165 
0.108787 74.197770 128.613406 1.027901 
0.108908 74.197847 128.654110 1.028176 
0.108526 74.197568 128.703082 1.028132 
0.108937 74.195749 128.732577 1.028043 
0.108686 74.199497 128.763877 1.028216 
0.108556 74.195470 128.810376 1.028314 
0.108648 74.197264 128.829553 1.028244 
0.108800 74.192288 128.868712 1.028264 
0.108582 74.195158 128.912940 1.028227 
0.108624 74.202462 128.936464 1.028186 
0.108849 74.197350 128.976426 1.028279 
0.108611 74.199555 129.009879 1.028300 
0.108863 74.199056 129.043790 1.028190 
0.108705 74.195023 129.088392 1.028295 
0.108783 74.195186 129.117208 1.028177 
0.108714 74.194488 129.156289 1.028154 
0.108696 74.202036 129.184085 1.028223 
0.108962 74.202702 129.216143 1.028060 
0.108591 74.204973 129.257191 1.028134 
0.108784 74.198842 129.290739 1.027988 
0.108718 74.200615 129.326164 1.028149 
0.108844 74.204294 129.365113 1.028137 
0.108938 74.204385 129.399113 1.028140 
0.108710 74.199877 129.442201 1.028204 
0.108840 74.203194 129.472189 1.028039 
0.108724 74.203114 129.505381 1.028271 
0.108873 74.201887 129.528914 1.028200 
0.108719 74.201258 129.565354 1.028296 
0.108791 74.205658 129.597867 1.028234 
0.108834 74.204886 129.637849 1.028327 
0.108997 74.212750 129.679265 1.028452 
0.108805 74.204225 129.704999 1.028374 
0.108773 74.203138 129.739024 1.028276 
0.108829 74.214530 129.767341 1.028332 
0.108968 74.214407 129.798209 1.028091 
0.108825 74.211479 129.845401 1.028255 
0.109046 74.208532 129.864718 1.028204 
0.108914 74.205567 129.900930 1.028315 
0.109072 74.209394 129.933859 1.028290 
0.109296 74.212109 129.959685 1.028410 
0.109053 74.215432 129.996167 1.028279 
0.109098 74.212098 130.027672 1.028277 
0.108900 74.213069 130.049748 1.028081 
0.109419 74.215400 130.080303 1.028258 
0.109134 74.210827 130.110605 1.028171 
0.109036 74.208435 130.138106 1.028207 
0.108952 74.211355 130.166260 1.028300 
0.109188 74.213731 130.197431 1.028072 
0.109026 74.199126 130.225124 1.028086 
0.109401 74.204197 130.260509 1.028006 
0.109179 74.202833 130.291768 1.028246 
0.109051 74.202012 130.320183 1.028294 
0.109186 74.208181 130.349561 1.027968 
0.109234 74.198585 130.379332 1.028152 
0.109349 74.199409 130.409291 1.028288 
0.109146 74.197701 130.440094 1.028432 
0.109316 74.194767 130.469803 1.028330 
0.109186 74.196391 130.495861 1.028277 
0.109418 74.197123 130.528136 1.028212 
0.109365 74.202163 130.556157 1.028447 
0.109290 74.193944 130.582937 1.028283 
0.109308 74.195629 130.613170 1.028248 
0.109598 74.197411 130.639472 1.028059 
0.109565 74.198323 130.658992 1.028151 
0.109443 74.196050 130.697436 1.028466 
0.109648 74.197440 130.711816 1.028295 
0.109711 74.198365 130.738833 1.028341 
0.109644 74.192469 130.767476 1.028386 
0.109572 74.194485 130.800842 1.028115 
0.109715 74.189077 130.822787 1.028263 
0.109707 74.196754 130.849781 1.028355 
0.109683 74.193312 130.878322 1.028229 
0.109698 74.190611 130.905458 1.028264 
0.109698 74.186613 130.909914 1.028306 
0.109573 74.188057 130.940905 1.028189 
0.109642 74.183777 130.972315 1.028304 
0.109760 74.175995 130.991748 1.028147 
0.109518 74.181385 131.023676 1.028098 
0.109580 74.177253 131.051827 1.028166 
0.109623 74.174709 131.068455 1.028251 
0.109379 74.179293 131.102791 1.028263 
0.109322 74.172632 131.125083 1.028213 
0.109422 74.161985 131.154451 1.028476 
0.109463 74.167113 131.179890 1.028263 
0.109329 74.166845 131.211991 1.028192 
0.109190 74.167048 131.231230 1.028360 
0.109425 74.166435 131.263527 1.028127 
0.109231 74.156376 131.281112 1.028364 
0.109256 74.158602 131.304070 1.028111 
0.109342 74.166006 131.334878 1.028255 
0.109141 74.162449 131.366983 1.028198 
0.109121 74.158030 131.388340 1.028328 
0.109461 74.152324 131.408244 1.028263 
0.109237 74.154342 131.437472 1.028042 
0.109119 74.158947 131.457380 1.028178 
0.108975 74.155388 131.485656 1.028222 
0.109230 74.148006 131.504719 1.028151 
0.109059 74.145611 131.536411 1.028125 
0.109088 74.144020 131.551789 1.028144 
0.109193 74.148197 131.571344 1.028319 
0.109004 74.149770 131.599290 1.028175 
0.108875 74.144423 131.621398 1.028221 
0.108854 74.149938 131.656906 1.028336 
0.108840 74.136288 131.679577 1.028160 
0.108913 74.142574 131.694842 1.028260 
0.108915 74.145669 131.715073 1.028227 
0.108896 74.143658 131.738710 1.028304 
0.108662 74.148556 131.767406 1.028235 
0.108977 74.150559 131.782774 1.028227 
0.108698 74.150129 131.805564 1.028131 
0.108559 74.140997 131.831693 1.028394 
0.108600 74.140431 131.838517 1.028337 
0.108721 74.134120 131.862554 1.028083 
0.108542 74.135689 131.882486 1.028292 
0.108428 74.136772 131.902832 1.028251 
0.108612 74.143046 131.918087 1.028332 
0.108500 74.135427 131.931426 1.028272 
0.108321 74.145080 131.952545 1.028239 
0.108743 74.140415 131.978541 1.028472 
0.108361 74.139407 131.987614 1.028265 
0.108334 74.145218 132.013819 1.028333 
0.108221 74.150087 132.028877 1.028448 
0.108320 74.146809 132.052342 1.028364 
0.108109 74.144704 132.069742 1.028311 
0.108150 74.145565 132.089903 1.028554 
0.107994 74.147738 132.108115 1.028363 
0.108046 74.155498 132.130644 1.028416 
0.108041 74.148381 132.148891 1.028405 
0.108124 74.147408 132.163407 1.028244 
0.107716 74.154668 132.181267 1.028439 
0.108007 74.150844 132.214179 1.028435 
0.107706 74.152285 132.225907 1.028422 
0.107911 74.152995 132.242695 1.028365 
0.107911 74.155459 132.266050 1.028271 
0.107503 74.158588 132.288964 1.028291 
0.107956 74.152864 132.316609 1.028430 
0.107958 74.151276 132.335900 1.028313 
0.107572 74.151975 132.354662 1.028422 
0.107523 74.162463 132.367156 1.028311 
0.107874 74.149996 132.394022 1.028282 
0.107630 74.152229 132.417541 1.028412 
0.107297 74.154999 132.422786 1.028525 
0.107585 74.161341 132.445950 1.028264 
0.107563 74.156141 132.466404 1.028283 
0.107619 74.156405 132.484451 1.028289 
0.107360 74.153466 132.501908 1.028317 
0.107605 74.159245 132.517107 1.028302 
0.107560 74.155628 132.536239 1.028305 
0.107268 74.162099 132.554646 1.028288 
0.107626 74.147244 132.565070 1.028238 
0.107604 74.153919 132.582556 1.028317 
0.107544 74.148281 132.598649 1.028432 
0.107368 74.149465 132.615983 1.028310 
0.107482 74.155938 132.625760 1.028111 
0.107675 74.153652 132.640092 1.028198 
0.107514 74.155779 132.653557 1.028275 
0.107547 74.153186 132.665783 1.028382 
0.107418 74.157250 132.683068 1.028335 
0.107598 74.152899 132.693662 1.028211 
0.107385 74.160948 132.713323 1.028350 
0.107629 74.155151 132.718079 1.028462 
0.107361 74.160796 132.743252 1.028187 
0.107356 74.156579 132.757872 1.028223 
0.107313 74.150082 132.773394 1.028221 
0.107294 74.153781 132.785904 1.028324 
0.107413 74.157673 132.794862 1.028357 
0.107139 74.151573 132.811904 1.028219 
0.107320 74.165521 132.823582 1.028237 
0.107425 74.158299 132.836272 1.028297 
0.107094 74.162992 132.848720 1.028291 
0.107350 74.159825 132.859972 1.028209 
0.107359 74.163129 132.869986 1.028140 
0.107324 74.164927 132.899603 1.028176 
0.107276 74.165232 132.908267 1.028278 
0.107314 74.155381 132.919756 1.028102 
0.107394 74.160766 132.931370 1.028224 
0.107405 74.164534 132.943257 1.028137 
0.107393 74.162436 132.963708 1.027872 
0.107337 74.162672 132.980459 1.028099 
0.107549 74.166372 132.995917 1.028356 
