0.149810 74.867144 171.819899 1.028436 
0.150585 74.978864 166.931291 1.028449 
0.150449 74.977357 166.943068 1.028533 
0.150759 74.981818 166.951988 1.028465 
0.150384 74.977189 166.960037 1.028584 
0.150628 74.973091 166.975068 1.028514 
0.150647 74.978150 166.982655 1.028355 
0.150691 74.971690 166.998190 1.028416 
0.150864 74.973228 166.998263 1.028462 
0.150788 74.978814 167.012974 1.028421 
0.150804 74.976423 167.021590 1.028436 
0.150834 74.979264 167.031632 1.028467 
0.150845 74.971699 167.034953 1.028354 
0.150938 74.977262 167.044744 1.028330 
0.150892 74.972966 167.054524 1.028165 
0.150928 74.971757 167.059173 1.028216 
0.151115 74.972232 167.074179 1.028234 
0.151007 74.973751 167.085290 1.028254 
0.151248 74.975334 167.102186 1.028230 
0.151310 74.974138 167.107776 1.028225 
0.151286 74.972249 167.115389 1.028427 
0.151230 74.971112 167.124670 1.028306 
0.151222 74.977120 167.129685 1.028442 
0.151311 74.972386 167.139889 1.028370 
0.151485 74.971001 167.152543 1.028328 
0.151515 74.962063 167.157855 1.028424 
0.151578 74.966100 167.162412 1.028289 
0.151658 74.965109 167.174548 1.028262 
0.151560 74.957846 167.179518 1.028146 
0.151604 74.960687 167.186473 1.028428 
0.151405 74.960795 167.186238 1.028492 
0.151686 74.969722 167.197567 1.028245 
0.151524 74.967757 167.200810 1.028167 
0.151575 74.963790 167.206775 1.028173 
0.151426 74.956399 167.211518 1.028242 
0.151803 74.957528 167.222116 1.028464 
0.151603 74.955306 167.230689 1.028125 
0.151735 74.953193 167.229637 1.028386 
0.151335 74.954622 167.242242 1.028291 
0.151832 74.957830 167.249543 1.028252 
0.151318 74.953112 167.256357 1.028332 
0.151520 74.951563 167.267654 1.028374 
0.151421 74.951713 167.276263 1.028446 
0.151406 74.958102 167.293684 1.028392 
0.151452 74.959384 167.297161 1.028324 
0.151452 74.955024 167.307407 1.028113 
0.151197 74.953170 167.324622 1.028172 
0.151579 74.954228 167.328758 1.028236 
0.151308 74.953006 167.337295 1.028297 
0.151307 74.951790 167.346601 1.028335 
0.151116 74.951978 167.357898 1.028369 
0.150981 74.955802 167.367153 1.028399 
0.151240 74.944446 167.388056 1.028501 
0.150993 74.946104 167.390469 1.028334 
0.150970 74.945579 167.403160 1.028227 
0.150923 74.941172 167.420767 1.028485 
0.150799 74.944356 167.429873 1.028414 
0.151100 74.951392 167.443392 1.028256 
0.151047 74.941095 167.452557 1.028265 
0.150877 74.938913 167.468654 1.028277 
0.150683 74.947057 167.474805 1.028499 
0.150862 74.942735 167.482908 1.028336 
0.150746 74.940202 167.493822 1.028376 
0.150702 74.943282 167.498139 1.028334 
0.150925 74.945035 167.516519 1.028190 
0.150675 74.945911 167.512244 1.028153 
0.150908 74.945748 167.527412 1.028529 
0.151014 74.941623 167.533848 1.028183 
0.150714 74.950137 167.545591 1.028265 
0.151025 74.948699 167.549648 1.028136 
0.150951 74.951378 167.557225 1.028266 
0.150770 74.951271 167.566630 1.028157 
0.150918 74.951673 167.573871 1.028215 
0.150941 74.946396 167.581757 1.028292 
0.150892 74.945325 167.589460 1.028231 
0.150830 74.938376 167.593676 1.028291 
0.150978 74.948540 167.609332 1.028221 
0.150773 74.943614 167.616962 1.028323 
0.150995 74.946784 167.627631 1.028403 
0.150671 74.937820 167.638090 1.028482 
0.150665 74.947564 167.645069 1.028269 
0.150840 74.949462 167.650935 1.028243 
0.150830 74.947843 167.654356 1.028212 
0.150510 74.942576 167.664661 1.028419 
0.151036 74.939935 167.667345 1.028324 
0.150719 74.945466 167.676297 1.028262 
0.150675 74.944488 167.686917 1.028429 
0.150746 74.943261 167.687787 1.028303 
0.150978 74.933552 167.696583 1.028391 
0.150714 74.942183 167.699788 1.028396 
0.150687 74.943706 167.706092 1.028445 
0.150658 74.939503 167.713393 1.028288 
0.150888 74.938751 167.725127 1.028348 
0.150773 74.945538 167.731214 1.028364 
0.150627 74.952681 167.736261 1.028271 
0.150644 74.942455 167.743701 1.028323 
0.150614 74.947387 167.751382 1.028232 
0.150962 74.947748 167.755399 1.028222 
0.150683 74.953009 167.763730 1.028510 
0.150897 74.953950 167.769503 1.028350 
0.151082 74.951712 167.774322 1.028472 
0.150972 74.948941 167.780321 1.028513 
0.150859 74.953831 167.789175 1.028395 
0.150868 74.952386 167.796691 1.028371 
0.150959 74.949279 167.799844 1.028428 
0.151010 74.954136 167.813584 1.028402 
0.150917 74.957616 167.825122 1.028191 
0.151261 74.956473 167.830643 1.028329 
0.150906 74.961011 167.841832 1.028376 
0.150862 74.953047 167.847114 1.028110 
0.150966 74.963094 167.848297 1.028150 
0.150789 74.958938 167.867340 1.028443 
0.151055 74.957719 167.882373 1.028355 
0.150953 74.951336 167.878844 1.028452 
0.151087 74.951935 167.890621 1.028366 
0.151031 74.953314 167.902132 1.028448 
0.150922 74.964266 167.913332 1.028402 
0.151095 74.959310 167.914333 1.028258 
0.151189 74.966229 167.927773 1.028482 
0.151172 74.965855 167.948874 1.028388 
0.151311 74.961987 167.943851 1.028190 
0.151249 74.963475 167.951099 1.028538 
0.151209 74.960902 167.960582 1.028493 
0.151235 74.961931 167.971658 1.028495 
0.151122 74.961815 167.978786 1.028366 
0.151320 74.964062 167.984890 1.028219 
0.151067 74.963688 167.989003 1.028235 
0.151085 74.962061 167.988813 1.028358 
0.150875 74.962912 167.999758 1.028451 
0.151135 74.968704 168.008856 1.028383 
0.151015 74.967996 168.012757 1.028438 
0.151013 74.964815 168.019346 1.028379 
0.150867 74.959846 168.033647 1.028490 
0.150929 74.967522 168.032497 1.028368 
0.150795 74.965936 168.045148 1.028540 
0.150932 74.964510 168.044047 1.028325 
0.150837 74.962699 168.055912 1.028282 
0.150722 74.969105 168.054023 1.028292 
0.150753 74.971953 168.051622 1.028355 
0.150775 74.966736 168.059857 1.028345 
0.150713 74.964812 168.061084 1.028415 
0.150701 74.964245 168.064811 1.028274 
0.150561 74.968769 168.069463 1.028415 
0.150498 74.963585 168.073990 1.028356 
0.150506 74.963568 168.078399 1.028313 
0.150408 74.962336 168.081698 1.028383 
0.150333 74.966950 168.083657 1.028257 
0.150333 74.967100 168.085614 1.028199 
0.150245 74.970035 168.093090 1.028196 
0.149957 74.962259 168.094347 1.028456 
0.150274 74.967009 168.103301 1.028213 
0.150489 74.968001 168.107483 1.028205 
0.150220 74.971173 168.111242 1.028304 
0.149957 74.968466 168.121929 1.028398 
0.150302 74.963386 168.120601 1.028288 
0.150174 74.972502 168.131667 1.028338 
0.150113 74.971194 168.137138 1.028061 
0.150327 74.978364 168.138126 1.028380 
0.150152 74.974340 168.139264 1.028570 
0.150140 74.974688 168.145582 1.028364 
0.150096 74.973598 168.142875 1.028410 
0.150194 74.971634 168.152874 1.028524 
0.150607 74.971349 168.150102 1.028386 
0.150182 74.967757 168.157198 1.028307 
0.150388 74.973665 168.162736 1.028678 
0.150478 74.981531 168.168884 1.028441 
0.150316 74.975230 168.174864 1.028267 
0.150289 74.976211 168.159983 1.028372 
0.150436 74.971365 168.171465 1.028262 
0.150465 74.977297 168.177173 1.028638 
0.150749 74.975978 168.190525 1.028199 
0.150642 74.975273 168.190940 1.028175 
0.150662 74.980906 168.190217 1.028247 
0.150676 74.980530 168.204008 1.028273 
0.150730 74.976210 168.207356 1.028237 
0.150677 74.975368 168.213597 1.028308 
0.150586 74.981568 168.219047 1.028105 
0.150752 74.973820 168.225238 1.028381 
0.150830 74.974810 168.235381 1.028353 
0.150660 74.973024 168.248512 1.028597 
0.150598 74.970907 168.246587 1.028402 
0.150768 74.968440 168.249944 1.028328 
0.150727 74.961160 168.254250 1.028293 
0.150585 74.958508 168.259483 1.028564 
0.150691 74.961130 168.249216 1.028424 
0.150695 74.963698 168.264497 1.028430 
0.150563 74.957824 168.259829 1.028380 
0.150577 74.959460 168.268634 1.028178 
0.150397 74.959642 168.274391 1.028391 
0.150357 74.958064 168.267473 1.028353 
0.150331 74.961370 168.276842 1.028371 
0.150230 74.959901 168.281677 1.028457 
0.150166 74.956223 168.279116 1.028472 
0.149865 74.961935 168.285310 1.028377 
0.149843 74.954166 168.283649 1.028633 
0.149827 74.958597 168.282591 1.028334 
0.149790 74.956017 168.278042 1.028385 
0.149837 74.956364 168.277346 1.028367 
0.149634 74.960877 168.272841 1.028380 
0.149666 74.956240 168.273802 1.028184 
