0.149580 74.960408 168.275170 1.028302 
0.112156 75.200926 138.119436 1.028191 
0.112026 75.202261 138.085200 1.028136 
0.111912 75.210860 138.050807 1.028184 
0.111928 75.216975 138.023776 1.028223 
0.111629 75.206653 137.975420 1.028465 
0.111670 75.211609 137.951852 1.028271 
0.111554 75.214436 137.915222 1.028374 
0.111648 75.211085 137.886264 1.028291 
0.111713 75.209304 137.854744 1.028472 
0.111712 75.220373 137.828107 1.028292 
0.111693 75.211700 137.792870 1.028300 
0.111418 75.210646 137.755543 1.028518 
0.111506 75.209400 137.729561 1.028267 
0.111506 75.213275 137.697762 1.028327 
0.111651 75.214877 137.666656 1.028170 
0.111485 75.212372 137.645354 1.028371 
0.111399 75.213740 137.609646 1.028245 
0.111210 75.209558 137.581790 1.028351 
0.111405 75.220364 137.557939 1.028289 
0.111393 75.215965 137.537088 1.028281 
0.111147 75.213656 137.507387 1.028349 
0.111142 75.212701 137.481772 1.028252 
0.111171 75.218978 137.447851 1.028287 
0.111224 75.219169 137.423971 1.028366 
0.110918 75.228582 137.397497 1.028476 
0.110803 75.229166 137.373989 1.028189 
0.110984 75.227467 137.347798 1.028332 
0.111055 75.235841 137.314556 1.028236 
0.110743 75.231142 137.287203 1.028329 
0.110665 75.233778 137.267067 1.028430 
0.110855 75.234803 137.238677 1.028318 
0.110521 75.237552 137.198898 1.028356 
0.110425 75.242836 137.189784 1.028451 
0.110397 75.242799 137.158360 1.028269 
0.110173 75.250846 137.122948 1.028248 
0.110330 75.246397 137.097766 1.028296 
0.110155 75.253260 137.070408 1.028369 
0.110134 75.245575 137.047037 1.028320 
0.110361 75.250502 137.020834 1.028218 
0.110135 75.245284 136.988319 1.028186 
0.109853 75.259926 136.959486 1.028096 
0.109923 75.252093 136.924962 1.028374 
0.109684 75.254664 136.904461 1.028280 
0.109740 75.258308 136.880547 1.028225 
0.109721 75.257653 136.854219 1.028203 
0.109458 75.256103 136.827207 1.028351 
0.109417 75.252178 136.798477 1.028425 
0.109051 75.256370 136.781173 1.028340 
0.109237 75.253044 136.751563 1.028330 
0.109279 75.257754 136.729958 1.028354 
0.109140 75.255293 136.710049 1.028439 
0.109002 75.255687 136.680443 1.028192 
0.108823 75.260575 136.662876 1.028308 
0.109149 75.256099 136.632538 1.028313 
0.108887 75.251328 136.610368 1.028157 
0.109079 75.247721 136.591809 1.028324 
0.108939 75.256584 136.566122 1.028686 
0.108705 75.258974 136.535590 1.028382 
0.108889 75.257731 136.516038 1.028375 
0.108713 75.254696 136.488667 1.028433 
0.108612 75.259403 136.470599 1.028407 
0.108841 75.255046 136.450766 1.028362 
0.108351 75.263611 136.416397 1.028279 
0.108560 75.255556 136.393090 1.028288 
0.108625 75.259221 136.372023 1.028456 
0.108455 75.257094 136.365284 1.028300 
0.108523 75.263596 136.329653 1.028167 
0.108493 75.255266 136.306314 1.028412 
0.108410 75.261927 136.279789 1.028110 
0.108447 75.264286 136.259125 1.028220 
0.108305 75.265771 136.236496 1.028298 
0.108681 75.264387 136.217580 1.028425 
0.108367 75.260805 136.195479 1.028124 
0.108505 75.262301 136.161863 1.028188 
0.108677 75.257661 136.143143 1.028181 
0.108360 75.250218 136.127967 1.028292 
0.108494 75.255790 136.099962 1.028158 
0.108627 75.256495 136.080796 1.028083 
0.108582 75.257607 136.065331 1.028392 
0.108627 75.250289 136.035833 1.028270 
0.108897 75.252376 136.018136 1.028443 
0.108556 75.259229 136.000862 1.028220 
0.108708 75.260646 135.973044 1.028044 
0.108778 75.251664 135.959507 1.028281 
0.108606 75.256292 135.935422 1.028301 
0.109137 75.255930 135.918232 1.028293 
0.108754 75.258961 135.902192 1.028395 
0.108824 75.254588 135.882175 1.028395 
0.108948 75.251073 135.865613 1.028277 
0.108864 75.250351 135.847548 1.028301 
0.109032 75.258295 135.832566 1.028349 
0.109047 75.254245 135.816201 1.028340 
0.108992 75.250557 135.791427 1.028473 
0.108910 75.256331 135.774217 1.028376 
0.109033 75.250599 135.756288 1.028376 
0.109121 75.251451 135.739528 1.028543 
0.109217 75.255704 135.713005 1.028340 
0.109452 75.260660 135.684402 1.028136 
0.109234 75.259695 135.666117 1.028394 
0.109210 75.256161 135.651941 1.028496 
0.109088 75.259879 135.628818 1.028499 
0.109387 75.264377 135.606461 1.028503 
0.109516 75.268879 135.584773 1.028425 
0.109357 75.259396 135.563071 1.028415 
0.109526 75.265870 135.548555 1.028514 
0.109571 75.261189 135.516619 1.028293 
0.109711 75.272513 135.507443 1.028534 
0.109698 75.274040 135.484464 1.028365 
0.109660 75.264320 135.466538 1.028267 
0.109690 75.270106 135.445615 1.028190 
0.109868 75.268901 135.429618 1.028200 
0.109865 75.269634 135.404639 1.028295 
0.109867 75.267041 135.393212 1.028496 
0.109746 75.274876 135.368031 1.028435 
0.109965 75.272939 135.351026 1.028442 
0.110163 75.278889 135.333718 1.028500 
0.109834 75.273491 135.309792 1.028483 
0.110119 75.276642 135.293691 1.028498 
0.110088 75.272148 135.277222 1.028463 
0.109963 75.268476 135.254783 1.028448 
0.110156 75.263295 135.240118 1.028586 
0.109936 75.269708 135.223542 1.028509 
0.110150 75.266944 135.198257 1.028500 
0.110458 75.268934 135.185501 1.028460 
0.110218 75.270192 135.161791 1.028449 
0.110302 75.261648 135.141446 1.028649 
0.110125 75.270932 135.131403 1.028534 
0.110230 75.271453 135.103558 1.028626 
0.110380 75.268002 135.087258 1.028373 
0.110209 75.270819 135.078276 1.028470 
0.110219 75.272842 135.052125 1.028469 
0.110340 75.267543 135.027429 1.028554 
0.110564 75.266459 135.018579 1.028444 
0.110297 75.268616 134.996998 1.028521 
0.110403 75.266084 134.986624 1.028678 
0.110442 75.279024 134.955899 1.028267 
0.110576 75.264113 134.950511 1.028570 
0.110475 75.271910 134.938882 1.028529 
0.110432 75.265724 134.919545 1.028327 
0.110524 75.264187 134.901366 1.028432 
0.110541 75.267471 134.894896 1.028397 
0.110374 75.265219 134.874973 1.028422 
0.110328 75.259682 134.865139 1.028381 
0.110517 75.263870 134.845620 1.028041 
0.110420 75.268668 134.841338 1.028221 
0.110147 75.266960 134.828712 1.028369 
0.110351 75.265704 134.818955 1.028233 
0.110125 75.261221 134.799865 1.028279 
0.110033 75.260613 134.784670 1.028480 
0.110190 75.266800 134.781914 1.028349 
0.110141 75.262172 134.756947 1.028463 
0.110252 75.258913 134.750081 1.028377 
0.110359 75.258146 134.730164 1.028383 
0.110255 75.264299 134.723194 1.028394 
0.110204 75.254579 134.714154 1.028378 
0.110148 75.261730 134.686169 1.028318 
0.110140 75.263125 134.676568 1.028364 
0.110029 75.266135 134.654370 1.028295 
0.110096 75.256404 134.639714 1.028282 
0.109896 75.256528 134.624365 1.028211 
0.109800 75.256704 134.609639 1.028247 
0.109765 75.261343 134.590328 1.028368 
0.109685 75.251817 134.583036 1.028254 
0.109935 75.248429 134.564942 1.028309 
0.109669 75.254938 134.553343 1.028413 
0.109641 75.255001 134.534436 1.028209 
0.109677 75.249950 134.520851 1.028328 
0.109576 75.250899 134.497340 1.028260 
0.109342 75.249569 134.488387 1.028402 
0.109603 75.249000 134.478044 1.028277 
0.109235 75.255267 134.472167 1.028474 
0.109410 75.252911 134.454704 1.028448 
0.109283 75.257195 134.436653 1.028260 
0.109382 75.252643 134.423614 1.028561 
0.109020 75.249122 134.404196 1.028545 
0.108804 75.252326 134.396933 1.028335 
0.109078 75.259831 134.385539 1.028529 
0.108782 75.247228 134.372920 1.028237 
0.108815 75.251580 134.359715 1.028362 
0.108735 75.255200 134.337062 1.028557 
0.108974 75.252814 134.324336 1.028459 
0.108636 75.257556 134.304133 1.028349 
0.108532 75.257902 134.291390 1.028546 
0.108561 75.254738 134.276454 1.028300 
0.108597 75.259220 134.258712 1.028373 
0.108637 75.262063 134.245957 1.028349 
0.108592 75.259643 134.227158 1.028191 
0.108531 75.265074 134.215435 1.028471 
0.108891 75.258163 134.194394 1.028498 
0.108794 75.263681 134.185640 1.028412 
0.108682 75.269321 134.169178 1.028300 
0.108641 75.264259 134.153164 1.028414 
0.108516 75.263573 134.135012 1.028408 
0.108618 75.262031 134.119477 1.028496 
0.108509 75.270591 134.119656 1.028423 
0.108561 75.259718 134.104479 1.028456 
0.108556 75.255974 134.093992 1.028473 
0.108673 75.262660 134.079589 1.028453 
0.108542 75.259492 134.061200 1.028555 
