0.088078 75.003652 114.415484 1.028405 
0.101334 74.775157 125.857229 1.028187 
0.101495 74.773831 125.846803 1.028638 
0.101526 74.776662 125.836379 1.028311 
0.101477 74.772092 125.825783 1.028382 
0.101399 74.775823 125.815104 1.028471 
0.101450 74.781239 125.802165 1.028374 
0.101324 74.776016 125.799151 1.028437 
0.101228 74.772711 125.776116 1.028348 
0.101360 74.772141 125.771131 1.028470 
0.101305 74.775523 125.763879 1.028516 
0.101102 74.779734 125.756440 1.028451 
0.101415 74.782431 125.732213 1.028468 
0.101158 74.781423 125.726545 1.028502 
0.101363 74.775809 125.710592 1.028577 
0.101043 74.776235 125.702338 1.028549 
0.100946 74.781598 125.684478 1.028379 
0.101095 74.776008 125.667706 1.028486 
0.100923 74.779115 125.643308 1.028537 
0.100820 74.776392 125.627378 1.028441 
0.101001 74.778442 125.606330 1.028398 
0.100915 74.781985 125.590356 1.028618 
0.100803 74.783499 125.584408 1.028460 
0.100865 74.781370 125.562537 1.028455 
0.100709 74.785474 125.541270 1.028475 
0.100776 74.795045 125.523015 1.028349 
0.100804 74.787986 125.508230 1.028260 
0.100752 74.782819 125.488394 1.028433 
0.100408 74.787002 125.471299 1.028313 
0.100575 74.790210 125.458442 1.028468 
0.100472 74.789069 125.433066 1.028258 
0.100438 74.797858 125.407967 1.028466 
0.100743 74.808324 125.392788 1.028652 
0.100304 74.795164 125.363469 1.028382 
0.100118 74.801537 125.341995 1.028665 
0.100449 74.802937 125.321808 1.028455 
0.100241 74.804501 125.293630 1.028664 
0.100255 74.800624 125.269596 1.028564 
0.100244 74.804388 125.244082 1.028576 
0.100103 74.803976 125.230853 1.028630 
0.100098 74.806463 125.196108 1.028530 
0.099935 74.801150 125.177631 1.028215 
0.100065 74.808697 125.168911 1.028426 
0.100166 74.813138 125.146105 1.028496 
0.100129 74.818342 125.131205 1.028408 
0.100064 74.814262 125.104366 1.028413 
0.100031 74.808174 125.083004 1.028320 
0.099878 74.812747 125.068256 1.028459 
0.099807 74.808692 125.055168 1.028464 
0.099933 74.815600 125.042373 1.028343 
0.099925 74.814616 125.022122 1.028353 
0.099924 74.816100 125.012637 1.028513 
0.099795 74.805025 124.992819 1.028274 
0.099698 74.813789 124.978987 1.028331 
0.099770 74.808656 124.956934 1.028481 
0.099659 74.813832 124.943074 1.028240 
0.100000 74.817569 124.933668 1.028216 
0.100076 74.806613 124.915463 1.028526 
0.099651 74.815116 124.914979 1.028240 
0.099936 74.809758 124.903870 1.028318 
0.099837 74.813894 124.886294 1.028457 
0.099571 74.812609 124.871538 1.028361 
0.099794 74.811504 124.861510 1.028468 
0.099837 74.810991 124.848317 1.028489 
0.099722 74.810727 124.827486 1.028348 
0.099685 74.801150 124.815633 1.028341 
0.099490 74.803032 124.797611 1.028190 
0.099634 74.799970 124.789066 1.028094 
0.099501 74.797030 124.773940 1.028319 
0.099647 74.799902 124.756095 1.028128 
0.099431 74.797464 124.747754 1.028251 
0.099708 74.792041 124.727945 1.028227 
0.099546 74.789271 124.724920 1.028410 
0.099678 74.792275 124.712243 1.028170 
0.099386 74.790526 124.710308 1.028144 
0.099463 74.793289 124.699863 1.028300 
0.099420 74.786204 124.698422 1.028314 
0.099503 74.791431 124.684033 1.028174 
0.099443 74.788284 124.682510 1.028369 
0.099487 74.790146 124.687762 1.028371 
0.099707 74.783014 124.676416 1.028133 
0.099680 74.786228 124.665138 1.028361 
0.099605 74.782686 124.666514 1.028344 
0.099420 74.778142 124.664656 1.028408 
0.099609 74.777005 124.655029 1.028381 
0.099436 74.771393 124.668063 1.028257 
0.099368 74.772478 124.665858 1.028157 
0.099392 74.779330 124.668681 1.028324 
0.099417 74.776736 124.655788 1.028302 
0.099444 74.769120 124.655712 1.028508 
0.099531 74.776694 124.655323 1.028422 
0.099254 74.767831 124.652172 1.028474 
0.099279 74.768313 124.633795 1.028394 
0.099259 74.761030 124.634039 1.028427 
0.099408 74.762877 124.627609 1.028282 
0.099374 74.764035 124.625615 1.028463 
0.099323 74.763794 124.612448 1.028485 
0.099418 74.757146 124.599712 1.028330 
0.099169 74.757448 124.580833 1.028256 
0.099369 74.758747 124.580395 1.028289 
0.099631 74.753855 124.571148 1.028295 
0.099381 74.756646 124.561620 1.028261 
0.099301 74.747825 124.562854 1.028191 
0.099345 74.759079 124.555132 1.028507 
0.099439 74.753270 124.543273 1.028443 
0.099278 74.748467 124.543351 1.028337 
0.099411 74.748240 124.540250 1.028307 
0.099319 74.755934 124.532099 1.028234 
0.099333 74.755779 124.522649 1.028311 
0.099659 74.740050 124.523698 1.028314 
0.099505 74.744663 124.524545 1.028348 
0.099879 74.749435 124.514419 1.028273 
0.099717 74.747889 124.508245 1.028311 
0.099640 74.741380 124.502046 1.028253 
0.099719 74.753730 124.493627 1.028521 
0.099870 74.750335 124.485941 1.028352 
0.099848 74.748245 124.480498 1.028375 
0.099771 74.745929 124.474247 1.028357 
0.100009 74.746868 124.457183 1.028376 
0.100179 74.741075 124.451914 1.028495 
0.100010 74.748105 124.447497 1.028328 
0.100198 74.747277 124.437115 1.028476 
0.100239 74.743097 124.422283 1.028308 
0.099962 74.744329 124.417512 1.028308 
0.100062 74.746079 124.406601 1.028331 
0.100327 74.740723 124.386173 1.028382 
0.100075 74.744599 124.384227 1.028265 
0.100065 74.742350 124.364436 1.028607 
0.100203 74.745655 124.356740 1.028374 
0.100201 74.752746 124.347326 1.028387 
0.100428 74.747960 124.326394 1.028512 
0.100126 74.748551 124.318805 1.028223 
0.100423 74.741142 124.304163 1.028712 
0.100028 74.738214 124.293801 1.028537 
0.100117 74.738319 124.282727 1.028397 
0.100293 74.740888 124.267294 1.028313 
0.100187 74.746055 124.250765 1.028143 
0.100129 74.742105 124.248593 1.028232 
0.100539 74.749721 124.238681 1.028472 
0.100058 74.750296 124.228675 1.028387 
0.100282 74.748533 124.218982 1.028410 
0.100349 74.744483 124.201425 1.028303 
0.100289 74.741195 124.198815 1.028478 
0.100394 74.739703 124.189175 1.028321 
0.100303 74.738984 124.178325 1.028323 
0.100284 74.740070 124.181168 1.028153 
0.100541 74.738073 124.170162 1.028209 
0.100331 74.743284 124.158357 1.028203 
0.100378 74.739985 124.158637 1.028321 
0.100781 74.735141 124.141730 1.028254 
0.100433 74.739108 124.144674 1.028232 
0.100549 74.727103 124.139749 1.028471 
0.100488 74.731190 124.138362 1.028231 
0.100553 74.727604 124.128040 1.028323 
0.100607 74.731836 124.122220 1.028309 
0.100650 74.725032 124.116547 1.028282 
0.100613 74.727036 124.108602 1.028372 
0.100722 74.720959 124.105373 1.028450 
0.100663 74.720909 124.096891 1.028405 
0.100429 74.720712 124.091534 1.028404 
0.100562 74.724015 124.084929 1.028262 
0.100672 74.720612 124.071099 1.028376 
0.100741 74.720779 124.067470 1.028531 
0.100615 74.718630 124.060090 1.028300 
0.100681 74.713064 124.047816 1.028252 
0.100824 74.722642 124.045615 1.028039 
0.100721 74.718780 124.044835 1.028172 
0.100478 74.713749 124.031289 1.028322 
0.100704 74.709154 124.028193 1.028156 
0.100426 74.707932 124.019685 1.028094 
0.100420 74.709485 124.018807 1.028206 
0.100456 74.707544 124.016862 1.028261 
0.100427 74.710830 124.014904 1.028336 
0.100593 74.702945 124.005786 1.028210 
0.100657 74.708301 124.006709 1.028433 
0.100337 74.701405 124.007478 1.028411 
0.100569 74.700333 124.003684 1.028441 
0.100793 74.704164 124.004127 1.028141 
0.100725 74.706815 123.999371 1.028452 
0.100606 74.705228 123.997708 1.028284 
0.100819 74.699154 123.992535 1.028395 
0.100586 74.697658 123.995760 1.028341 
0.100830 74.697109 123.989536 1.028453 
0.100913 74.701965 123.977255 1.028386 
0.100983 74.709485 123.976873 1.028237 
0.100820 74.710070 123.973238 1.028290 
0.101147 74.701375 123.957328 1.028238 
0.101021 74.712581 123.955881 1.028398 
0.101100 74.708799 123.944855 1.028395 
0.101090 74.707433 123.930257 1.028266 
0.101179 74.706257 123.924280 1.028394 
0.101354 74.703301 123.926939 1.028224 
0.100953 74.703179 123.913472 1.028290 
0.101375 74.706248 123.904509 1.028101 
0.101428 74.699283 123.891534 1.028066 
0.101510 74.702891 123.890825 1.028428 
0.101562 74.708633 123.886216 1.028190 
0.101405 74.705413 123.871249 1.028337 
0.101407 74.710052 123.865034 1.028204 
0.101334 74.710206 123.863960 1.028280 
