0.089324 75.074461 118.490589 1.027987 
0.089246 75.076160 118.463639 1.028070 
0.089256 75.073276 118.427594 1.028191 
0.089153 75.070110 118.393176 1.028255 
0.088885 75.069066 118.362752 1.028373 
0.088967 75.072166 118.336567 1.028171 
0.088923 75.068498 118.301484 1.028362 
0.088860 75.072311 118.279381 1.028177 
0.088467 75.078119 118.240553 1.028275 
0.088719 75.077251 118.213610 1.028096 
0.088929 75.077152 118.184326 1.028291 
0.088594 75.074789 118.155025 1.028395 
0.088670 75.077437 118.130614 1.028353 
0.088573 75.076662 118.102982 1.028371 
0.088552 75.078535 118.070453 1.028295 
0.088491 75.080744 118.048842 1.028030 
0.088288 75.082134 118.014948 1.028348 
0.088469 75.078150 117.980504 1.028325 
0.088344 75.080670 117.960159 1.028398 
0.088285 75.084380 117.934523 1.028172 
0.088405 75.090086 117.913660 1.028270 
0.088253 75.087581 117.881836 1.028296 
0.088396 75.085481 117.854536 1.028396 
0.088157 75.091091 117.829784 1.028373 
0.088038 75.081007 117.804650 1.028348 
0.087859 75.082200 117.780724 1.028407 
0.087834 75.084232 117.752423 1.028612 
0.087787 75.076560 117.733099 1.028133 
0.087880 75.087373 117.695246 1.028273 
0.088046 75.090760 117.666717 1.028186 
0.087874 75.086592 117.645913 1.028264 
0.087895 75.081999 117.612702 1.028254 
0.087880 75.069127 117.585286 1.028236 
0.087550 75.081490 117.557591 1.028197 
0.088045 75.083761 117.525246 1.028249 
0.087638 75.081811 117.495100 1.028137 
0.087524 75.072076 117.471003 1.028179 
0.087528 75.078822 117.452300 1.028174 
0.087452 75.077177 117.416849 1.028210 
0.087580 75.081479 117.390939 1.028332 
0.087641 75.084164 117.360750 1.028372 
0.087270 75.087470 117.337980 1.028481 
0.087442 75.086413 117.310081 1.028512 
0.087206 75.081397 117.287356 1.028495 
0.087017 75.080778 117.261420 1.028309 
0.087271 75.086521 117.239129 1.028268 
0.087028 75.081080 117.218592 1.028191 
0.087237 75.083361 117.197204 1.028257 
0.087107 75.083829 117.171646 1.028365 
0.086986 75.083178 117.148254 1.028274 
0.087426 75.088595 117.116851 1.028441 
0.087097 75.084760 117.093077 1.028293 
0.087282 75.084531 117.070957 1.028203 
0.087106 75.079743 117.053983 1.028236 
0.087382 75.084334 117.034182 1.028241 
0.087156 75.080486 117.019408 1.028152 
0.087475 75.083104 116.989471 1.028321 
0.087148 75.079581 116.968181 1.028345 
0.087318 75.082440 116.945766 1.028367 
0.087177 75.080769 116.929463 1.028335 
0.087302 75.080737 116.899801 1.028431 
0.087112 75.074568 116.888060 1.028456 
0.087015 75.078139 116.865449 1.028215 
0.087004 75.078759 116.849123 1.028592 
0.087013 75.079693 116.836632 1.028413 
0.087064 75.080849 116.817644 1.028515 
0.087039 75.074371 116.798453 1.028281 
0.087038 75.083672 116.779609 1.028293 
0.086917 75.076737 116.765826 1.028330 
0.087000 75.079995 116.749229 1.028266 
0.087100 75.078713 116.735305 1.028242 
0.087046 75.083634 116.708283 1.028384 
0.087104 75.086058 116.689126 1.028476 
0.087078 75.090101 116.664508 1.028309 
0.087201 75.085584 116.648468 1.028507 
0.087097 75.085595 116.633537 1.028470 
0.087248 75.082473 116.617967 1.028426 
0.087319 75.087598 116.591887 1.028300 
0.087242 75.081932 116.570165 1.028313 
0.087529 75.080075 116.549246 1.028310 
0.087451 75.086266 116.534716 1.028500 
0.087459 75.081009 116.510411 1.028398 
0.087631 75.091323 116.497237 1.028220 
0.087891 75.085911 116.476570 1.028309 
0.087692 75.084296 116.448941 1.028330 
0.087448 75.078269 116.418838 1.028432 
0.087877 75.079509 116.394233 1.028468 
0.087930 75.076461 116.373206 1.028464 
0.087800 75.079508 116.361008 1.028398 
0.087884 75.082649 116.330085 1.028416 
0.088027 75.083327 116.303032 1.028243 
0.087730 75.072752 116.289645 1.028396 
0.088019 75.072840 116.256683 1.028235 
0.088048 75.079328 116.234456 1.028079 
0.088226 75.080805 116.221304 1.028344 
0.088087 75.081420 116.195688 1.028373 
0.088003 75.072549 116.172281 1.028329 
0.088250 75.081487 116.154583 1.028298 
0.088062 75.080838 116.138446 1.028349 
0.088356 75.076277 116.119922 1.028430 
0.088147 75.084039 116.090071 1.028234 
0.088311 75.068092 116.069878 1.028389 
0.088306 75.071754 116.050444 1.028267 
0.088381 75.067962 116.032753 1.028292 
0.088559 75.070160 116.003699 1.028246 
0.088488 75.071062 115.984789 1.028473 
0.088262 75.062299 115.965415 1.028406 
0.088562 75.061672 115.949323 1.028329 
0.088680 75.064281 115.930093 1.028328 
0.088838 75.063689 115.916850 1.028349 
0.088554 75.063414 115.899429 1.028536 
0.088758 75.058294 115.882701 1.028389 
0.088711 75.063123 115.865833 1.028461 
0.088896 75.054614 115.848934 1.028384 
0.088963 75.051006 115.824488 1.028479 
0.089112 75.057365 115.815806 1.028401 
0.089094 75.050507 115.798469 1.028382 
0.089005 75.046085 115.776160 1.028266 
0.089226 75.047670 115.759002 1.028015 
0.089219 75.048578 115.740231 1.028096 
0.089387 75.050413 115.717947 1.028218 
0.089388 75.047007 115.696205 1.028109 
0.089571 75.047548 115.667622 1.028039 
0.089358 75.052974 115.645353 1.028178 
0.089747 75.049181 115.628603 1.028274 
0.089663 75.059070 115.601782 1.028238 
0.089799 75.056207 115.582013 1.028252 
0.089700 75.050894 115.554704 1.028411 
0.089886 75.051485 115.527716 1.028239 
0.089662 75.056444 115.500661 1.028408 
0.090063 75.063702 115.481278 1.028278 
0.090015 75.061086 115.464880 1.028244 
0.089896 75.070296 115.429028 1.028382 
0.089855 75.066368 115.412999 1.028396 
0.090065 75.054669 115.389151 1.028236 
0.090140 75.065047 115.362696 1.028207 
0.090095 75.067799 115.349889 1.028256 
0.090101 75.055512 115.317591 1.028276 
0.089948 75.050482 115.291894 1.028368 
0.089934 75.059952 115.269493 1.028444 
0.089954 75.060403 115.238740 1.028390 
0.090061 75.061616 115.215426 1.028295 
0.089833 75.058343 115.190175 1.028293 
0.090119 75.054104 115.160578 1.028297 
0.089965 75.055648 115.136403 1.028315 
0.090065 75.048261 115.110948 1.028428 
0.089898 75.046264 115.087623 1.028404 
0.090081 75.046297 115.066142 1.028297 
0.089856 75.036277 115.046687 1.028398 
0.089898 75.038294 115.028947 1.028383 
0.089851 75.035996 115.008564 1.028200 
0.089922 75.034285 114.979305 1.028309 
0.089625 75.032333 114.963023 1.028462 
0.090058 75.036740 114.935891 1.028348 
0.089701 75.031313 114.921165 1.028434 
0.089708 75.034701 114.914376 1.028515 
0.089562 75.034689 114.895949 1.028231 
0.089602 75.026108 114.896478 1.028003 
0.089615 75.031899 114.870984 1.028348 
0.089392 75.029881 114.861567 1.028226 
0.089491 75.035852 114.848968 1.028358 
0.089342 75.033828 114.838343 1.028406 
0.089399 75.031374 114.836915 1.028537 
0.089394 75.032361 114.827282 1.028398 
0.089409 75.035271 114.821462 1.028378 
0.089072 75.032327 114.812392 1.028392 
0.089200 75.033133 114.798696 1.028493 
0.089269 75.029362 114.800532 1.028321 
0.089287 75.030832 114.788135 1.028179 
0.089183 75.020726 114.782205 1.028476 
0.089078 75.029724 114.779089 1.028535 
0.089160 75.023666 114.764770 1.028305 
0.089077 75.024946 114.755715 1.028461 
0.089048 75.022195 114.748748 1.028500 
0.089057 75.021787 114.742514 1.028354 
0.088824 75.024088 114.720885 1.028357 
0.088734 75.016483 114.709653 1.028356 
0.088931 75.023043 114.704555 1.028283 
0.088933 75.020500 114.688231 1.028351 
0.088674 75.021461 114.666926 1.028370 
0.088802 75.016966 114.656873 1.028350 
0.088640 75.021694 114.645591 1.028408 
0.088489 75.020603 114.631201 1.028457 
0.088301 75.019193 114.611892 1.028380 
0.088480 75.016726 114.599249 1.028350 
0.088354 75.016240 114.581530 1.028343 
0.088373 75.016843 114.566363 1.028462 
0.088375 75.013440 114.546490 1.028362 
0.088104 75.019568 114.530130 1.028367 
0.088273 75.011554 114.529608 1.028494 
0.088300 75.011638 114.509991 1.028372 
0.088329 75.018830 114.505365 1.028337 
0.088118 75.008503 114.497825 1.028347 
0.088371 75.011415 114.479902 1.028374 
0.088190 75.005890 114.472242 1.028247 
0.088097 75.011858 114.465981 1.028444 
0.088496 75.012097 114.456037 1.028492 
0.088164 75.005718 114.441586 1.028504 
0.088067 75.006192 114.434093 1.028337 
0.088333 75.010508 114.425727 1.028337 
