0.151882 74.707351 179.685590 1.028406 
0.149123 74.844663 170.152458 1.028530 
0.149208 74.843597 170.170449 1.028374 
0.149142 74.838927 170.183799 1.028429 
0.149181 74.837917 170.197560 1.028512 
0.149374 74.837484 170.203259 1.028538 
0.149434 74.840262 170.223416 1.028445 
0.149473 74.833705 170.236489 1.028445 
0.149618 74.837367 170.254881 1.028535 
0.149564 74.836448 170.267869 1.028496 
0.149743 74.835414 170.278654 1.028479 
0.149669 74.828221 170.298430 1.028500 
0.149704 74.828470 170.314299 1.028440 
0.149936 74.831775 170.321109 1.028565 
0.149735 74.832584 170.338969 1.028459 
0.149775 74.825580 170.346557 1.028405 
0.150060 74.823089 170.361921 1.028546 
0.149969 74.828281 170.377544 1.028525 
0.150203 74.828534 170.397814 1.028526 
0.150265 74.831770 170.407349 1.028222 
0.150184 74.823356 170.416993 1.028529 
0.150126 74.827934 170.436010 1.028391 
0.150125 74.826955 170.436340 1.028623 
0.150087 74.820754 170.447421 1.028385 
0.150193 74.825953 170.454660 1.028518 
0.150162 74.827721 170.478157 1.028351 
0.150416 74.821273 170.482312 1.028442 
0.150041 74.827677 170.488782 1.028516 
0.150439 74.830538 170.507447 1.028447 
0.150426 74.838037 170.513616 1.028340 
0.150053 74.831910 170.527227 1.028447 
0.150427 74.836869 170.538149 1.028378 
0.150431 74.839807 170.550285 1.028386 
0.150362 74.836147 170.561547 1.028209 
0.150356 74.836978 170.559800 1.028513 
0.150381 74.834502 170.577645 1.028463 
0.150370 74.836139 170.579327 1.028282 
0.150474 74.835932 170.599602 1.028453 
0.150562 74.826464 170.606529 1.028554 
0.150176 74.841867 170.618795 1.028538 
0.150350 74.839137 170.624829 1.028430 
0.150469 74.832464 170.642041 1.028539 
0.150427 74.837570 170.655980 1.028373 
0.150375 74.837939 170.662464 1.028330 
0.150087 74.835526 170.678633 1.028484 
0.150438 74.835591 170.688109 1.028488 
0.150483 74.831913 170.700654 1.028541 
0.150304 74.840490 170.712979 1.028442 
0.150301 74.830484 170.723556 1.028412 
0.150480 74.839633 170.730188 1.028403 
0.150397 74.837739 170.743267 1.028570 
0.150427 74.837970 170.753557 1.028634 
0.150556 74.836391 170.765505 1.028503 
0.150734 74.835667 170.772147 1.028381 
0.150708 74.837089 170.767610 1.028396 
0.150406 74.829852 170.784187 1.028518 
0.150687 74.834134 170.792542 1.028273 
0.150711 74.838496 170.801187 1.028428 
0.150689 74.837615 170.808196 1.028433 
0.150511 74.829528 170.815505 1.028490 
0.150653 74.825091 170.820817 1.028440 
0.150535 74.826497 170.836801 1.028261 
0.150708 74.823497 170.844348 1.028647 
0.150225 74.821740 170.854015 1.028610 
0.150634 74.827717 170.863096 1.028349 
0.150527 74.830161 170.863392 1.028515 
0.150469 74.823767 170.879606 1.028505 
0.150749 74.828863 170.886523 1.028507 
0.150509 74.825601 170.892262 1.028539 
0.150696 74.824388 170.905762 1.028358 
0.150481 74.832003 170.919830 1.028467 
0.150628 74.826668 170.927519 1.028377 
0.150438 74.828106 170.946117 1.028290 
0.150651 74.827599 170.949971 1.028247 
0.150746 74.832361 170.960756 1.028228 
0.150493 74.837727 170.967720 1.028250 
0.150541 74.840403 170.971620 1.028148 
0.150418 74.841195 170.985899 1.028484 
0.150656 74.835876 171.006312 1.028239 
0.150216 74.844690 171.008842 1.028407 
0.150312 74.849906 171.018872 1.028353 
0.150215 74.855992 171.020953 1.028411 
0.150343 74.852545 171.035800 1.028272 
0.150293 74.863160 171.044428 1.028337 
0.150021 74.867923 171.050424 1.028449 
0.150120 74.863060 171.052954 1.028306 
0.150158 74.866445 171.056991 1.028249 
0.150032 74.871973 171.067208 1.028234 
0.149793 74.878074 171.075238 1.028417 
0.149968 74.877123 171.082561 1.028472 
0.149918 74.878699 171.085786 1.028452 
0.149876 74.880040 171.094713 1.028261 
0.149734 74.879958 171.102811 1.028347 
0.149784 74.883523 171.115719 1.028330 
0.149888 74.881552 171.115690 1.028369 
0.149582 74.881764 171.124356 1.028388 
0.149570 74.874501 171.132210 1.028477 
0.149670 74.883546 171.141112 1.028330 
0.149536 74.879678 171.147854 1.028523 
0.149524 74.884415 171.152640 1.028515 
0.149405 74.878257 171.158931 1.028387 
0.149193 74.881974 171.158843 1.028532 
0.149192 74.887661 171.175775 1.028681 
0.149136 74.888003 171.182614 1.028359 
0.149089 74.889482 171.186724 1.028422 
0.149070 74.891336 171.197261 1.028278 
0.148842 74.891638 171.208524 1.028322 
0.148699 74.884171 171.212579 1.028242 
0.148622 74.883791 171.234400 1.028352 
0.148627 74.895303 171.243213 1.028549 
0.148397 74.893341 171.255152 1.028553 
0.148579 74.894012 171.265786 1.028427 
0.148090 74.898194 171.273941 1.028424 
0.148478 74.890713 171.284175 1.028259 
0.148253 74.897138 171.297834 1.028381 
0.148213 74.895163 171.301103 1.028457 
0.148040 74.897959 171.310404 1.028322 
0.148149 74.886923 171.321794 1.028415 
0.148096 74.894414 171.328207 1.028474 
0.148154 74.896021 171.332903 1.028320 
0.148440 74.890262 171.349217 1.028492 
0.148306 74.887602 171.353430 1.028409 
0.148094 74.886119 171.351998 1.028511 
0.148433 74.882404 171.368540 1.028433 
0.148308 74.885323 171.376239 1.028526 
0.148282 74.887540 171.387302 1.028626 
0.148132 74.884038 171.387631 1.028371 
0.148194 74.885618 171.390296 1.028375 
0.148274 74.889593 171.400180 1.028336 
0.148306 74.889643 171.404350 1.028329 
0.148396 74.888023 171.411158 1.028303 
0.148213 74.886116 171.419898 1.028140 
0.148289 74.880990 171.421215 1.028353 
0.148207 74.890608 171.426296 1.028537 
0.148418 74.890768 171.435902 1.028531 
0.148194 74.893439 171.447428 1.028527 
0.148294 74.892673 171.448037 1.028452 
0.148036 74.890222 171.463378 1.028336 
0.148159 74.893063 171.467093 1.028478 
0.148228 74.882318 171.468351 1.028345 
0.148476 74.891899 171.484164 1.028317 
0.148334 74.889362 171.481292 1.028306 
0.148301 74.898795 171.497484 1.028402 
0.148250 74.883333 171.509517 1.028457 
0.148521 74.882577 171.517175 1.028491 
0.148340 74.883961 171.522148 1.028394 
0.148474 74.888169 171.527511 1.028242 
0.148479 74.884070 171.535356 1.028355 
0.148456 74.880463 171.543654 1.028562 
0.148680 74.882645 171.548314 1.028507 
0.148760 74.887610 171.557515 1.028390 
0.148741 74.885764 171.568055 1.028342 
0.148849 74.879917 171.579493 1.028475 
0.148875 74.877612 171.592732 1.028444 
0.148642 74.874826 171.597419 1.028436 
0.148864 74.882579 171.609627 1.028403 
0.148818 74.880526 171.611435 1.028335 
0.148745 74.877829 171.623960 1.028286 
0.148859 74.876187 171.637392 1.028317 
0.149075 74.883419 171.642957 1.028211 
0.148821 74.874506 171.646466 1.028346 
0.149180 74.883475 171.650469 1.028384 
0.149146 74.874256 171.649415 1.028301 
0.148863 74.874436 171.659701 1.028155 
0.149094 74.876965 171.667115 1.028312 
0.149120 74.869557 171.668791 1.028328 
0.149032 74.871830 171.679208 1.028492 
0.148982 74.873887 171.686499 1.028359 
0.149303 74.875378 171.689004 1.028475 
0.149259 74.876641 171.697135 1.028610 
0.149449 74.881288 171.700380 1.028535 
0.149476 74.877806 171.708032 1.028422 
0.149397 74.878235 171.715451 1.028335 
0.149441 74.873148 171.720828 1.028488 
0.149650 74.872703 171.731927 1.028173 
0.149395 74.878386 171.734990 1.028249 
0.149576 74.880266 171.734163 1.028520 
0.149604 74.877564 171.742826 1.028552 
0.149721 74.866778 171.740361 1.028584 
0.149700 74.875748 171.751668 1.028463 
0.149890 74.878724 171.752529 1.028451 
0.149790 74.878972 171.752936 1.028543 
0.150002 74.875784 171.762279 1.028465 
0.149884 74.881345 171.761635 1.028511 
0.149920 74.885051 171.774234 1.028362 
0.149787 74.888099 171.771278 1.028498 
0.150031 74.881415 171.772675 1.028510 
0.149642 74.878048 171.773542 1.028578 
0.149921 74.880771 171.783381 1.028385 
0.149930 74.878696 171.775820 1.028469 
0.149753 74.884670 171.784255 1.028528 
0.149873 74.881913 171.785808 1.028322 
0.149937 74.880510 171.790598 1.028414 
0.149781 74.880648 171.790624 1.028250 
0.150002 74.877769 171.787758 1.028429 
0.149875 74.878249 171.793709 1.028453 
0.150020 74.871462 171.809053 1.028494 
0.150004 74.866947 171.796150 1.028488 
0.149896 74.866199 171.811185 1.028423 
0.149964 74.869780 171.812764 1.028494 
