0.162863 74.463749 207.319162 1.028372 
0.162985 74.511716 202.860703 1.028278 
0.162783 74.513941 202.841318 1.028255 
0.162732 74.513807 202.816204 1.028329 
0.162851 74.514334 202.799959 1.028382 
0.162698 74.508085 202.767089 1.028326 
0.162687 74.513840 202.748215 1.028402 
0.162503 74.505997 202.716529 1.028491 
0.162421 74.511827 202.694766 1.028485 
0.162498 74.517096 202.673069 1.028402 
0.162232 74.507422 202.643927 1.028287 
0.162316 74.507068 202.621945 1.028476 
0.162228 74.502752 202.597957 1.028492 
0.162182 74.505509 202.575849 1.028641 
0.162221 74.505502 202.542857 1.028448 
0.161998 74.496018 202.522246 1.028577 
0.162294 74.506459 202.491189 1.028427 
0.162087 74.501781 202.474538 1.028354 
0.161768 74.495797 202.453897 1.028403 
0.161665 74.498845 202.430362 1.028358 
0.161720 74.495262 202.412304 1.028406 
0.161684 74.496587 202.387701 1.028429 
0.161743 74.490136 202.357866 1.028426 
0.161399 74.493338 202.340757 1.028490 
0.161340 74.488136 202.316032 1.028478 
0.161434 74.500358 202.301280 1.028369 
0.161134 74.487645 202.288322 1.028346 
0.161086 74.486352 202.269045 1.028658 
0.160989 74.487965 202.248516 1.028613 
0.161131 74.483339 202.221209 1.028479 
0.161012 74.483014 202.203294 1.028292 
0.160950 74.481158 202.192840 1.028393 
0.160887 74.475935 202.175164 1.028483 
0.160729 74.474715 202.161693 1.028354 
0.160696 74.478261 202.139794 1.028154 
0.160754 74.474884 202.124152 1.028246 
0.160456 74.477958 202.117215 1.028228 
0.160630 74.475346 202.086629 1.028296 
0.160602 74.468663 202.072001 1.028233 
0.160483 74.472646 202.051799 1.028267 
0.160516 74.478927 202.043581 1.028313 
0.160216 74.475634 202.023883 1.028379 
0.160346 74.472700 202.003300 1.028370 
0.160031 74.474121 201.980580 1.028458 
0.160336 74.466145 201.955451 1.028270 
0.160218 74.477223 201.945048 1.028194 
0.160203 74.467205 201.925302 1.028552 
0.160273 74.466517 201.902472 1.028666 
0.160374 74.461815 201.882823 1.028482 
0.160289 74.466447 201.872031 1.028311 
0.160315 74.462518 201.850868 1.028469 
0.160315 74.467429 201.836773 1.028494 
0.159855 74.459554 201.817216 1.028365 
0.160175 74.452745 201.800349 1.028508 
0.160017 74.450992 201.783024 1.028361 
0.160161 74.451817 201.770922 1.028365 
0.159888 74.455551 201.749444 1.028389 
0.159904 74.447226 201.729256 1.028353 
0.159965 74.455722 201.709823 1.028505 
0.160128 74.450387 201.697917 1.028495 
0.160043 74.456752 201.676086 1.028379 
0.159854 74.454345 201.658326 1.028587 
0.159976 74.461036 201.644021 1.028335 
0.159990 74.453781 201.637098 1.028363 
0.159881 74.455867 201.615460 1.028247 
0.160024 74.464803 201.597640 1.028420 
0.159632 74.468361 201.575117 1.028469 
0.159859 74.469519 201.560974 1.028277 
0.159978 74.463264 201.542672 1.028383 
0.160193 74.467106 201.524640 1.028387 
0.160000 74.468151 201.499471 1.028339 
0.159913 74.473995 201.492672 1.028311 
0.160048 74.473705 201.464851 1.028304 
0.160077 74.480004 201.454782 1.028230 
0.160086 74.484273 201.431310 1.028314 
0.160206 74.479486 201.419574 1.028383 
0.160070 74.477589 201.398003 1.028268 
0.160287 74.480547 201.391970 1.028290 
0.160462 74.484557 201.381918 1.028341 
0.160506 74.481117 201.367577 1.028303 
0.160402 74.484466 201.348066 1.028348 
0.160370 74.482882 201.330042 1.028430 
0.160439 74.486835 201.317840 1.028365 
0.160486 74.483914 201.306482 1.028219 
0.160795 74.484035 201.292881 1.028330 
0.160699 74.492744 201.282465 1.028274 
0.160537 74.486163 201.268347 1.028197 
0.160988 74.492345 201.259167 1.028265 
0.160983 74.492561 201.246655 1.028251 
0.160967 74.500176 201.237886 1.028438 
0.160866 74.496363 201.221317 1.028405 
0.161011 74.499997 201.206101 1.028354 
0.160936 74.493611 201.199421 1.028374 
0.161147 74.504400 201.188002 1.028286 
0.161105 74.504431 201.178491 1.028301 
0.160875 74.502317 201.160972 1.028059 
0.161194 74.504467 201.147595 1.028295 
0.161130 74.498688 201.134911 1.028126 
0.161252 74.501494 201.120418 1.028365 
0.161371 74.496888 201.101655 1.028242 
0.161409 74.506084 201.089098 1.028513 
0.161210 74.498146 201.080654 1.028404 
0.161441 74.504297 201.062285 1.028315 
0.161277 74.509594 201.050394 1.028445 
0.161356 74.500246 201.033824 1.028491 
0.161522 74.502559 201.020520 1.028358 
0.161604 74.496546 201.008215 1.028301 
0.161587 74.502378 200.987441 1.028343 
0.161561 74.488872 200.968562 1.028413 
0.161506 74.500854 200.952364 1.028354 
0.161596 74.495704 200.943030 1.028387 
0.161761 74.490360 200.929070 1.028512 
0.161846 74.490021 200.910439 1.028332 
0.161711 74.489075 200.908050 1.028499 
0.161976 74.496882 200.890787 1.028372 
0.161705 74.496601 200.877640 1.028285 
0.161801 74.499360 200.865065 1.028312 
0.161805 74.495665 200.861419 1.028377 
0.161924 74.496895 200.846433 1.028562 
0.161621 74.492136 200.827319 1.028339 
0.162015 74.498223 200.821153 1.028340 
0.161969 74.490898 200.808812 1.028297 
0.161987 74.497242 200.795440 1.028433 
0.161687 74.492454 200.785871 1.028545 
0.162003 74.494365 200.765568 1.028369 
0.161893 74.489817 200.758252 1.028253 
0.161778 74.494751 200.746530 1.028429 
0.161703 74.493300 200.734198 1.028313 
0.161898 74.495166 200.726521 1.028150 
0.161693 74.491084 200.724417 1.028290 
0.161796 74.492272 200.704665 1.028290 
0.161828 74.496072 200.695088 1.028289 
0.161846 74.494653 200.689839 1.028123 
0.161732 74.507409 200.681025 1.028458 
0.161820 74.505086 200.670800 1.028154 
0.161794 74.504587 200.655323 1.028320 
0.161808 74.499712 200.643581 1.028205 
0.161827 74.499659 200.631455 1.028579 
0.161721 74.502179 200.618143 1.028470 
0.161602 74.503900 200.600831 1.028453 
0.161733 74.498750 200.583318 1.028374 
0.161611 74.504200 200.579888 1.028132 
0.161795 74.512395 200.572363 1.028299 
0.161529 74.506088 200.549352 1.028299 
0.161686 74.506769 200.526506 1.028244 
0.161645 74.507577 200.522385 1.028377 
0.161614 74.511884 200.506695 1.028312 
0.161362 74.507699 200.494472 1.028406 
0.161434 74.517245 200.483047 1.028443 
0.161380 74.507375 200.461806 1.028353 
0.161332 74.512761 200.441254 1.028220 
0.161289 74.512218 200.433400 1.028179 
0.161231 74.508846 200.422262 1.028224 
0.161187 74.514479 200.403122 1.028477 
0.161268 74.516330 200.391151 1.028125 
0.161052 74.516529 200.375923 1.028218 
0.160874 74.507519 200.370024 1.028342 
0.161140 74.518875 200.358519 1.028240 
0.160926 74.514458 200.346853 1.028341 
0.160763 74.513783 200.326168 1.028193 
0.160821 74.519615 200.322414 1.028407 
0.160909 74.518403 200.316403 1.028350 
0.160955 74.523607 200.309302 1.028434 
0.160731 74.521841 200.292653 1.028459 
0.160867 74.523325 200.295968 1.028383 
0.160765 74.527467 200.272681 1.028487 
0.160733 74.531790 200.276003 1.028543 
0.160692 74.520473 200.250816 1.028496 
0.160687 74.524954 200.244429 1.028422 
0.160708 74.520742 200.230565 1.028481 
0.160603 74.522576 200.225878 1.028360 
0.160466 74.531749 200.216286 1.028316 
0.160727 74.526693 200.209470 1.028434 
0.160499 74.525835 200.193558 1.028268 
0.160642 74.525106 200.186524 1.028418 
0.160768 74.529175 200.179936 1.028391 
0.160689 74.527288 200.163841 1.028343 
0.160303 74.528955 200.153117 1.028394 
0.160735 74.531625 200.161596 1.028322 
0.160407 74.521356 200.152811 1.028501 
0.160385 74.523791 200.146452 1.028222 
0.160772 74.515569 200.132051 1.028399 
0.160511 74.517749 200.129531 1.028314 
0.160441 74.520630 200.122307 1.028656 
0.160400 74.516552 200.111972 1.028406 
0.160460 74.510824 200.100024 1.028644 
0.160394 74.508403 200.096440 1.028431 
0.160190 74.508372 200.087037 1.028478 
0.160288 74.508928 200.081725 1.028275 
0.160257 74.510087 200.075068 1.028339 
0.160435 74.510059 200.068805 1.028166 
0.160203 74.504265 200.056994 1.028451 
0.160410 74.518088 200.057498 1.028490 
0.160418 74.508410 200.053029 1.028307 
0.160242 74.510824 200.048352 1.028297 
0.160410 74.515133 200.034292 1.028557 
0.160403 74.514983 200.031185 1.028446 
0.160236 74.518327 200.031754 1.028373 
0.160322 74.513250 200.026478 1.028328 
0.160368 74.513965 200.010448 1.028440 
