0.151503 74.711140 183.134883 1.028157 
0.148699 74.692717 178.844935 1.028337 
0.148501 74.684552 178.845627 1.028381 
0.148646 74.682397 178.861424 1.028321 
0.148518 74.679122 178.864926 1.028253 
0.148884 74.677806 178.871239 1.028431 
0.148958 74.675903 178.878369 1.028418 
0.148822 74.667714 178.886514 1.028314 
0.148879 74.662300 178.896620 1.028292 
0.149114 74.668813 178.908952 1.028222 
0.149212 74.666827 178.913269 1.028372 
0.149094 74.669958 178.923856 1.028242 
0.149189 74.671856 178.931673 1.028286 
0.149353 74.657733 178.941653 1.028554 
0.149434 74.658613 178.941481 1.028245 
0.149427 74.654527 178.955348 1.028354 
0.149368 74.656650 178.968737 1.028399 
0.149424 74.663767 178.970565 1.028235 
0.149648 74.660159 178.981992 1.028335 
0.149680 74.661985 178.986116 1.028475 
0.149713 74.660513 178.993944 1.028494 
0.149935 74.664264 179.006561 1.028679 
0.150015 74.658661 179.008679 1.028504 
0.150140 74.661560 179.018807 1.028577 
0.150232 74.661353 179.028831 1.028407 
0.150191 74.667311 179.038769 1.028420 
0.150311 74.667514 179.047709 1.028425 
0.150424 74.662584 179.051715 1.028410 
0.150411 74.659313 179.064513 1.028308 
0.150352 74.658866 179.069776 1.028398 
0.150388 74.674616 179.078172 1.028402 
0.150667 74.666240 179.089076 1.028295 
0.150567 74.669909 179.098445 1.028405 
0.150595 74.672452 179.103575 1.028214 
0.150714 74.669036 179.115915 1.028156 
0.150675 74.664433 179.127365 1.028248 
0.150632 74.663776 179.141844 1.028335 
0.150749 74.664887 179.144798 1.028246 
0.150690 74.664587 179.144066 1.028209 
0.150567 74.662603 179.158973 1.028440 
0.150671 74.665802 179.159081 1.028501 
0.150781 74.661018 179.166763 1.028326 
0.150881 74.666700 179.174279 1.028515 
0.151014 74.666525 179.175564 1.028321 
0.150853 74.667996 179.185937 1.028564 
0.150927 74.664712 179.194102 1.028239 
0.150955 74.669114 179.194139 1.028526 
0.150804 74.670011 179.197309 1.028379 
0.150946 74.676338 179.209804 1.028253 
0.150832 74.676656 179.208818 1.028288 
0.150757 74.671762 179.220945 1.028309 
0.151134 74.675305 179.221739 1.028321 
0.150981 74.676183 179.233666 1.028253 
0.150798 74.682956 179.226644 1.028235 
0.151145 74.680419 179.235151 1.028280 
0.150650 74.678101 179.237100 1.028313 
0.150548 74.674373 179.242953 1.028160 
0.150564 74.687200 179.258956 1.028179 
0.150720 74.683276 179.259228 1.028154 
0.150754 74.686630 179.268748 1.028283 
0.150627 74.688766 179.275911 1.028358 
0.150606 74.676040 179.271704 1.028487 
0.150640 74.688931 179.278655 1.028432 
0.150654 74.685283 179.281860 1.028299 
0.150654 74.687291 179.291125 1.028302 
0.150407 74.689295 179.292798 1.028326 
0.150727 74.693363 179.294750 1.028289 
0.150827 74.691291 179.295962 1.028077 
0.150819 74.695200 179.299186 1.028314 
0.150965 74.697157 179.301333 1.028383 
0.150962 74.698696 179.300420 1.028379 
0.150970 74.695618 179.303854 1.028320 
0.151125 74.691273 179.309749 1.028301 
0.151019 74.700077 179.320884 1.028365 
0.151043 74.702631 179.312959 1.028428 
0.151173 74.701359 179.313876 1.028477 
0.151293 74.698728 179.313133 1.028374 
0.151072 74.695450 179.324048 1.028360 
0.151294 74.697149 179.320416 1.028486 
0.151335 74.707221 179.328848 1.028389 
0.151494 74.708163 179.327726 1.028433 
0.151394 74.705393 179.332819 1.028478 
0.151421 74.702708 179.340529 1.028348 
0.151417 74.706025 179.343686 1.028390 
0.151445 74.698258 179.346280 1.028291 
0.151475 74.701831 179.361256 1.028319 
0.151548 74.704821 179.370640 1.028407 
0.151723 74.707390 179.373495 1.028231 
0.151619 74.707457 179.371686 1.028290 
0.151712 74.706094 179.378394 1.028339 
0.151716 74.703416 179.382067 1.028420 
0.151640 74.711057 179.387050 1.028454 
0.151764 74.713089 179.390449 1.028241 
0.151402 74.710666 179.395456 1.028232 
0.151625 74.708210 179.401974 1.028271 
0.151692 74.712239 179.400940 1.028265 
0.151704 74.706189 179.410731 1.028276 
0.151565 74.704845 179.410214 1.028361 
0.151374 74.704685 179.415000 1.028311 
0.151752 74.706530 179.414447 1.028500 
0.151557 74.707433 179.423072 1.028321 
0.151821 74.712583 179.430633 1.028348 
0.151740 74.709206 179.432985 1.028336 
0.151297 74.708224 179.438179 1.028321 
0.151681 74.711178 179.432556 1.028417 
0.151713 74.712513 179.446530 1.028308 
0.151703 74.716470 179.450940 1.028402 
0.151712 74.714387 179.452378 1.028372 
0.152040 74.720732 179.452124 1.028348 
0.151807 74.712793 179.460746 1.028327 
0.151794 74.715748 179.453727 1.028294 
0.151769 74.713878 179.470672 1.028351 
0.152002 74.713730 179.467894 1.028268 
0.151960 74.711708 179.476115 1.028482 
0.151815 74.715066 179.479260 1.028442 
0.151952 74.706096 179.481024 1.028439 
0.152223 74.710170 179.492331 1.028376 
0.152129 74.708960 179.490807 1.028382 
0.152274 74.707448 179.494358 1.028222 
0.152234 74.717638 179.498114 1.028553 
0.152365 74.714706 179.499570 1.028529 
0.152432 74.710129 179.500526 1.028215 
0.152239 74.707384 179.516209 1.028487 
0.152476 74.702847 179.509807 1.028330 
0.152338 74.705662 179.512404 1.028462 
0.152436 74.697270 179.515957 1.028585 
0.152359 74.703901 179.520167 1.028385 
0.152525 74.699298 179.528525 1.028670 
0.152194 74.703118 179.521762 1.028518 
0.152350 74.695785 179.515335 1.028495 
0.152508 74.703125 179.522537 1.028568 
0.152223 74.695513 179.525357 1.028458 
0.152206 74.694670 179.523551 1.028307 
0.152174 74.692142 179.535199 1.028458 
0.152231 74.695938 179.534024 1.028424 
0.152301 74.700654 179.533158 1.028486 
0.152171 74.692180 179.538363 1.028538 
0.152449 74.697928 179.535050 1.028535 
0.152288 74.693261 179.537604 1.028549 
0.152238 74.691846 179.536254 1.028575 
0.152500 74.693416 179.544381 1.028484 
0.152303 74.686002 179.546488 1.028458 
0.152164 74.695453 179.548941 1.028664 
0.152543 74.688530 179.558266 1.028412 
0.152317 74.686884 179.559254 1.028419 
0.152239 74.691503 179.562240 1.028436 
0.152134 74.695796 179.566241 1.028575 
0.152259 74.693422 179.564825 1.028350 
0.152457 74.693068 179.575478 1.028234 
0.152322 74.690428 179.574805 1.028359 
0.152157 74.696002 179.575365 1.028471 
0.152293 74.697688 179.571271 1.028606 
0.152140 74.698926 179.573443 1.028484 
0.152245 74.697343 179.572220 1.028603 
0.152151 74.695502 179.568666 1.028621 
0.152199 74.702278 179.572505 1.028584 
0.152012 74.712966 179.579985 1.028484 
0.152069 74.714029 179.571632 1.028552 
0.152190 74.720161 179.573581 1.028491 
0.152268 74.722147 179.575709 1.028607 
0.152040 74.717313 179.570550 1.028429 
0.152220 74.721602 179.576723 1.028297 
0.152098 74.724686 179.582295 1.028390 
0.152116 74.726926 179.575761 1.028568 
0.152283 74.728760 179.578123 1.028404 
0.152290 74.732541 179.579999 1.028431 
0.152365 74.734988 179.590847 1.028457 
0.152151 74.735963 179.588962 1.028337 
0.152027 74.734334 179.592881 1.028375 
0.152110 74.737406 179.603262 1.028485 
0.152243 74.735841 179.601469 1.028347 
0.152265 74.750305 179.609779 1.028279 
0.152255 74.742880 179.612917 1.028505 
0.152349 74.742239 179.617290 1.028474 
0.152196 74.739169 179.618185 1.028446 
0.152161 74.742524 179.621570 1.028454 
0.152129 74.740423 179.622290 1.028213 
0.152294 74.737797 179.621520 1.028303 
0.152268 74.736001 179.630765 1.028388 
0.152092 74.734313 179.628908 1.028446 
0.152193 74.732774 179.631784 1.028315 
0.152226 74.734827 179.628929 1.028380 
0.152232 74.721787 179.639851 1.028387 
0.152277 74.729744 179.644868 1.028394 
0.152155 74.727309 179.640438 1.028451 
0.152041 74.731881 179.635491 1.028363 
0.152084 74.730952 179.641599 1.028384 
0.151996 74.728326 179.645062 1.028330 
0.152107 74.722953 179.651856 1.028428 
0.151979 74.720094 179.659030 1.028302 
0.152187 74.720406 179.665411 1.028590 
0.152079 74.721797 179.667437 1.028346 
0.151990 74.722953 179.664909 1.028459 
0.152339 74.722088 179.667250 1.028501 
0.151978 74.709321 179.676511 1.028382 
0.151954 74.714198 179.676559 1.028354 
0.151923 74.714266 179.684591 1.028357 
0.151659 74.716343 179.681234 1.028453 
0.151694 74.714827 179.686842 1.028589 
0.151887 74.706521 179.688327 1.028486 
