0.090408 73.278666 122.644668 1.028231 
0.090521 73.276744 122.616828 1.028240 
0.090669 73.281441 122.579957 1.028361 
0.090770 73.278293 122.545612 1.028368 
0.090590 73.267797 122.514730 1.028335 
0.090728 73.271879 122.479827 1.028308 
0.090913 73.267091 122.442773 1.028371 
0.090601 73.262872 122.418024 1.028295 
0.090639 73.267771 122.392949 1.028375 
0.090665 73.268588 122.371061 1.028334 
0.090835 73.267053 122.350262 1.028291 
0.090919 73.263892 122.331456 1.028347 
0.090534 73.268049 122.308035 1.028241 
0.090991 73.264639 122.279605 1.028209 
0.090900 73.268026 122.259582 1.028221 
0.090980 73.256384 122.237426 1.028322 
0.091006 73.261555 122.214807 1.028192 
0.090892 73.267124 122.189211 1.028259 
0.091168 73.259636 122.157782 1.028388 
0.090799 73.255901 122.118961 1.028097 
0.091279 73.259266 122.092480 1.028226 
0.090936 73.264062 122.069564 1.028143 
0.091096 73.255030 122.037899 1.028342 
0.090789 73.256232 122.013131 1.028288 
0.091129 73.255225 121.982689 1.028299 
0.091165 73.245366 121.961737 1.028486 
0.091154 73.259532 121.935218 1.028221 
0.091313 73.260396 121.913648 1.028067 
0.091177 73.257855 121.883577 1.027968 
0.091219 73.254121 121.862517 1.028252 
0.091285 73.252089 121.837975 1.028204 
0.091189 73.260300 121.814177 1.028331 
0.091013 73.256869 121.789599 1.028245 
0.091041 73.256620 121.759799 1.028373 
0.091196 73.255885 121.737918 1.028391 
0.091214 73.253611 121.715720 1.028191 
0.091330 73.261264 121.685891 1.028096 
0.091214 73.258504 121.659522 1.028165 
0.091379 73.256955 121.632343 1.028073 
0.091263 73.257696 121.611705 1.028453 
0.091485 73.254330 121.574977 1.028190 
0.091423 73.260575 121.552152 1.028133 
0.091480 73.258244 121.524254 1.028173 
0.091547 73.265830 121.500799 1.028081 
0.091587 73.255835 121.470307 1.028096 
0.091498 73.253535 121.436837 1.028115 
0.091688 73.260918 121.413576 1.028267 
0.091662 73.264778 121.379426 1.028111 
0.091398 73.270317 121.354363 1.028190 
0.091529 73.264155 121.316510 1.028012 
0.091453 73.262924 121.284589 1.028167 
0.091467 73.270781 121.254356 1.028123 
0.091551 73.264995 121.229513 1.028003 
0.091437 73.270982 121.188363 1.028226 
0.091466 73.266561 121.160727 1.028283 
0.091588 73.268428 121.126219 1.028187 
0.091527 73.270044 121.095053 1.028220 
0.091475 73.266287 121.072471 1.028119 
0.091372 73.259735 121.039012 1.028199 
0.091522 73.267916 121.001365 1.028343 
0.091562 73.272073 120.971562 1.028327 
0.091463 73.270398 120.944050 1.028206 
0.091291 73.263271 120.921023 1.028298 
0.091734 73.260109 120.891161 1.028162 
0.091270 73.266395 120.865182 1.028271 
0.091522 73.260701 120.844864 1.028106 
0.091176 73.252921 120.807827 1.028217 
0.091500 73.256020 120.790693 1.028159 
0.091260 73.254230 120.760465 1.028232 
0.091010 73.245424 120.742553 1.028210 
0.091149 73.246679 120.708395 1.028029 
0.091047 73.245366 120.674526 1.028053 
0.091074 73.246902 120.653353 1.027989 
0.090907 73.233411 120.623391 1.028177 
0.090892 73.239268 120.602813 1.028247 
0.090882 73.235463 120.580048 1.028139 
0.090688 73.236418 120.548741 1.028018 
0.090794 73.229264 120.527447 1.028168 
0.090474 73.238462 120.508128 1.028225 
0.090340 73.235853 120.484531 1.028145 
0.090383 73.230705 120.454667 1.028219 
0.090535 73.227431 120.433941 1.028019 
0.090298 73.226730 120.412803 1.028025 
0.090447 73.222204 120.399595 1.028173 
0.090255 73.215458 120.383770 1.028114 
0.090361 73.212862 120.350828 1.028043 
0.090206 73.210057 120.341634 1.027939 
0.090280 73.208669 120.319282 1.028158 
0.090337 73.204438 120.307183 1.028046 
0.090171 73.204540 120.284900 1.028174 
0.090148 73.198161 120.264080 1.028298 
0.090381 73.198081 120.249421 1.028210 
0.090185 73.195590 120.234681 1.028079 
0.090128 73.195142 120.219406 1.028224 
0.089961 73.185522 120.193530 1.028450 
0.090444 73.187821 120.171548 1.028304 
0.090078 73.184807 120.149374 1.028171 
0.089904 73.182113 120.131043 1.028320 
0.089969 73.180277 120.099323 1.028422 
0.090059 73.179569 120.081422 1.028229 
0.090094 73.176786 120.043635 1.028154 
0.089794 73.180759 120.015477 1.028078 
0.090019 73.178556 119.985583 1.028234 
0.089868 73.165118 119.958729 1.028241 
0.089832 73.169530 119.933252 1.028164 
0.089583 73.160262 119.910869 1.028183 
0.089942 73.168191 119.885422 1.028354 
0.089775 73.168045 119.855147 1.028375 
0.089723 73.156828 119.831699 1.028292 
0.089858 73.163431 119.808826 1.028237 
0.089706 73.158883 119.781940 1.028387 
0.089616 73.165338 119.762983 1.028146 
0.089924 73.162027 119.732400 1.028297 
0.089793 73.159186 119.699315 1.028255 
0.089455 73.157035 119.678537 1.028081 
0.089815 73.151663 119.640548 1.028205 
0.089591 73.152753 119.620151 1.028233 
0.089649 73.152792 119.587341 1.028199 
0.089623 73.155061 119.567147 1.028100 
0.089484 73.154046 119.534932 1.028148 
0.089687 73.146669 119.509692 1.028273 
0.089633 73.150323 119.483011 1.028318 
0.089690 73.152320 119.464432 1.028281 
0.089638 73.146977 119.428348 1.028164 
0.089685 73.143781 119.410810 1.028313 
0.089618 73.142209 119.376954 1.028086 
0.089622 73.143218 119.360740 1.028202 
0.089697 73.137343 119.340284 1.028347 
0.089632 73.138432 119.319944 1.028181 
0.089589 73.141926 119.300854 1.028241 
0.089339 73.139917 119.279923 1.028081 
0.089519 73.139310 119.260952 1.028231 
0.089310 73.138601 119.241989 1.028093 
0.089328 73.136237 119.210017 1.027994 
0.089354 73.133396 119.189455 1.028026 
0.089199 73.142237 119.169031 1.028041 
0.089313 73.139255 119.152068 1.028222 
0.089193 73.142397 119.130825 1.027953 
0.089161 73.144090 119.104766 1.028277 
0.088954 73.136779 119.085842 1.028180 
0.089062 73.135930 119.067082 1.028098 
0.089060 73.131198 119.049670 1.028377 
0.089001 73.137572 119.026095 1.028219 
0.088898 73.138504 119.004152 1.028390 
0.088822 73.138518 118.983005 1.028113 
0.088848 73.147650 118.967861 1.028125 
0.088746 73.146375 118.940698 1.028194 
0.088754 73.146501 118.914628 1.028219 
0.088744 73.143054 118.889168 1.028101 
0.088764 73.141897 118.872952 1.028218 
0.088806 73.140201 118.854911 1.028094 
0.088635 73.146389 118.832765 1.028122 
0.088534 73.144399 118.808987 1.028259 
0.088608 73.134551 118.792115 1.028038 
0.088644 73.148307 118.771593 1.028171 
0.088391 73.144457 118.753270 1.028110 
0.088525 73.137179 118.731274 1.028265 
0.088639 73.136821 118.712406 1.028118 
0.088528 73.138699 118.704748 1.028079 
0.088340 73.133166 118.690839 1.027995 
0.088599 73.126999 118.670315 1.027848 
0.088310 73.128330 118.657726 1.028123 
0.088227 73.124207 118.640749 1.028091 
0.087966 73.126880 118.614723 1.027925 
0.088070 73.128928 118.606163 1.028045 
0.088221 73.117646 118.581682 1.028057 
0.088114 73.116803 118.574312 1.027972 
0.087962 73.119471 118.561057 1.028181 
0.087821 73.127389 118.549343 1.027981 
0.087807 73.123761 118.524773 1.028149 
0.087763 73.125109 118.507895 1.028134 
0.087748 73.123693 118.499216 1.028017 
0.087600 73.126200 118.481002 1.028179 
0.087304 73.117189 118.468350 1.028326 
0.087618 73.130388 118.442693 1.028262 
0.087597 73.124792 118.424914 1.028402 
0.087337 73.124810 118.410594 1.028275 
0.087368 73.120930 118.395966 1.028290 
0.087360 73.132696 118.383762 1.028199 
0.087298 73.124449 118.375312 1.028204 
0.087238 73.133296 118.361852 1.028120 
0.087162 73.130383 118.357224 1.028204 
0.087212 73.126069 118.338354 1.028292 
0.087054 73.128301 118.331946 1.028312 
0.087049 73.130599 118.322969 1.028266 
0.087363 73.132284 118.308809 1.028183 
0.087071 73.127809 118.297235 1.028235 
0.087158 73.122193 118.283787 1.028444 
0.087207 73.121253 118.277545 1.028155 
0.087063 73.128881 118.270852 1.028046 
0.087087 73.127557 118.252751 1.028083 
0.086736 73.123650 118.246345 1.028066 
0.086938 73.125002 118.229776 1.028197 
0.087029 73.132824 118.229979 1.028251 
0.086766 73.128086 118.207733 1.028297 
0.086932 73.135739 118.200463 1.028349 
0.086718 73.132321 118.191899 1.028386 
0.086848 73.134786 118.187245 1.028096 
0.086980 73.133608 118.170503 1.028207 
0.086731 73.132835 118.162746 1.028313 
